-0.10859047621488571
-0.0963253602385521
-0.09673166275024414
-0.09205618500709534
-0.07644116878509521
-0.07070763409137726
-0.07099887728691101
-0.10709929466247559
-0.17492783069610596
-0.17110109329223633
-0.12687426805496216
-0.1568572074174881
-0.14472748339176178
-0.16727015376091003
-0.20153923332691193
-0.20208963751792908
-0.17573599517345428
-0.15924733877182007
-0.18612195551395416
-0.2662002146244049
-0.33642274141311646
-0.33382129669189453
-0.3917557895183563
-0.40660610795021057
-0.45193198323249817
-0.44438366590338724
-0.43914097544347797
-0.40505625299601644
-0.43070818475871175
-0.4292279471300976
-0.3563214305661059
-0.37457463777283195
-0.378837480002823
-0.38846544063309196
-0.43378259127754226
-0.3893763336997941
-0.3955284494699861
-0.37198206666922606
-0.4505640992051016
-0.23054931629608866
-0.16541797881866105
-0.07368374724163584
-0.1207644577560002
-0.16772144397672206
-0.16570100297307055
-0.169907004731646
-0.1792778309243539
-0.1793516810792306
-0.1794146831887582
-0.17936193307813197
-0.17062351216649096
0.0007842779159545898
0.002140820026397705
0.009459137916564941
0.013198792934417725
0.014766991138458252
0.04012477397918701
-0.5594659798309081
-0.5127762161816254
-0.6882382035255432
-0.5790866017341614
-0.42012110352516174
-0.06466185301542282
0.16296453773975372
0.19582794606685638
0.2441280484199524
0.21394328773021698
0.22416436672210693
0.19241157174110413
0.21688340604305267
0.2730019688606262
0.3124770522117615
0.34197089076042175
0.370505690574646
0.2979908883571625
0.3103388845920563
0.3237476348876953
0.26513954997062683
0.27342700958251953
0.25030121207237244
0.27834075689315796
0.181585893034935
0.19592007994651794
0.14283670485019684
0.0642705112695694
-0.004734372720122337
-0.09828051924705505
-0.12453480809926987
-0.2723006010055542
-0.278364360332489
-0.2873663306236267
-0.2791471779346466
-0.27201136940311504
-0.3312490283806236
-0.32630765431713177
-0.3169960304537636
-0.36837237325903444
-0.45531042662855653
0.327743886842622
0.27043787283329423
0.13152560482645947
0.06471187511507481
0.04601097742144078
0.09190995136324376
-0.583061158657074
-0.48320141434669495
-0.37270548939704895
-0.2551162615338851
0.5450846913756423
-0.26565900444984436
-0.43213891983032227
-0.69071364402771
-0.7725827097892761
0.13819408416748047
0.05494755506515503
0.0226517915725708
0.013118326663970947
0.004257023334503174
0.0059926509857177734
0.004001259803771973
0.0047844648361206055
0.00588148832321167
0.008625924587249756
0.020798683166503906
0.04755157232284546
0.1020350456237793
0.20506548881530762
0.1911451145131169
-0.23028877903668815
-0.2776961102683787
-0.0531881674965002
-0.0028098225275234034
0.11568851773745482
0.20095944410968708
0.1021136008760112
0.018584612820634117
-0.1501257716654407
0.04126799536438219
0.3151671886444092
0.18258452415466309
0.15555989742279053
0.11073315143585205
0.10278010368347168
0.10725575685501099
0.13214820623397827
0.18569976091384888
0.2088823914527893
0.1925097107887268
-0.24417615260800518
-0.6664013266563416
-0.5697165354529244
-0.5243922992665349
-0.07601053693578513
-0.005712252643564064
0.49718713760375977
0.3377071022987366
0.2685481905937195
0.26687389612197876
0.3181456923484802
0.3542727828025818
0.4049985557635405
0.47618766127425216
-0.46915870904922485
-0.395250141620636
-0.1862620711326599
-0.1323753148317337
-0.0966474711894989
0.05352405458688736
0.1821180135011673
0.5033337473869324
0.6854532361030579
0.6841467618942261
0.7163565754890442
0.733988881111145
0.8178233643834285
0.6439919748908597
0.34831953273176197
-0.04298681020736694
-0.019795000553131104
-0.012546539306640625
-0.009649395942687988
-0.014891266822814941
-0.026466667652130127
-0.03150808811187744
-0.04667818546295166
-0.08680826425552368
-0.13068300485610962
-0.1442888379096985
-0.1503065824508667
-0.20017564296722412
-0.2330605387687683
-0.1684589982032776
-0.1684589982032776
-0.15602558851242065
-0.15602558851242065
0.1724829387922372
0.8782781958580017
0.8332785367965698
0.8332785367965698
0.7934655547142029
0.7934655547142029
0.8048356175422668
0.8048356175422668
0.9479282265449169
0.5462130863123659
0.1607836784523946
-0.010119974613189697
-0.007058143615722656
-0.006993770599365234
-0.02039855718612671
-0.03799641132354736
-0.055606305599212646
-0.10428667068481445
-0.26188766956329346
-0.383090078830719
-0.7878419607877731
0.21215803921222687
-0.4142222925145207
0.30280643701553345
0.1493421196937561
0.068858802318573
0.04996269941329956
0.04575788974761963
0.06898528337478638
0.04823940992355347
0.02784353494644165
0.026448190212249756
0.022302448749542236
0.026865482330322266
0.00765073299407959
0.0032886266708374023
0.006541550159454346
0.006456136703491211
0.0033687353134155273
0.001983344554901123
0.002800166606903076
0.0075495243072509766
0.0026859641075134277
0.00048488378524780273
6.884336471557617e-05
4.5299530029296875e-05
0.00010156631469726562
0.00011676549911499023
0.00027942657470703125
0.0007674694061279297
0.0011245012283325195
0.002679586410522461
0.0030109286308288574
0.0033764243125915527
0.00883471965789795
0.021365046501159668
0.04243004322052002
0.09330666065216064
0.15244340896606445
0.22308319807052612
0.042463598518160284
-0.3451629781172216
-0.556389570236206
-0.3955610990524292
-0.2384377419948578
-0.13782651722431183
0.012944580987095833
