-0.061231046915054294
-0.15527880191802976
-0.05620760039279332
-0.11884278372714391
-0.15250099019000402
-0.15250099019000402
-0.1627687247175919
-0.1627687247175919
-0.20247084216067662
-0.20247084216067662
0.036494702100753784
-0.10339964063544022
-0.08752362037959849
-0.08752362037959849
-0.07592491413417612
-0.07592491413417612
-0.017532957227606505
-0.017532957227606505
-0.10702945997840474
-0.10702945997840474
0.010189608523720195
0.036494702100753784
0.010189608523720195
0.0971277889452482
0.10538372240568461
-0.004596026320206503
-0.004596026320206503
-0.018770010847794394
-0.043537811229103496
-0.04846127409684031
-0.06497320062235779
-0.054678703609265744
0.04092118516564369
-0.054678703609265744
-0.025251890483655393
0.014007951083936154
0.014007951083936154
0.045177142871053566
-0.004358457891564638
0.09326518836774322
0.07675332144687053
0.07675332144687053
0.13025980560403116
0.04092118516564369
0.13025980560403116
0.07865364927994578
0.09346897978531687
0.08521304632488047
0.03639451767268931
0.04465045113312571
0.046578840205543925
0.03832290674510752
0.005407493365438332
0.02191936028631103
0.04420788213610649
0.04687017202377319
0.04687017202377319
0.07753931848626383
0.07753931848626383
0.05163847772698649
0.05163847772698649
0.056201392098476965
0.056201392098476965
0.10764121381860026
0.10764121381860026
0.04420788213610649
0.1389194664202238
0.1389194664202238
0.2637265857897306
0.2637265857897306
0.2892850433525286
0.13242230760423757
0.13242230760423757
0.13958422290651418
0.08440006720392323
0.09265600066435964
0.0462593249976635
0.007445081284171651
0.007445081284171651
-0.016876951644295146
0.05742644949963216
0.029742535791899005
0.029742535791899005
-0.04449802950808879
-0.04449802950808879
-0.07955807761142131
-0.07955807761142131
0.0462593249976635
0.10265841295844624
0.10265841295844624
0.0800350528014333
0.0800350528014333
0.08039801371724986
0.08039801371724986
0.07010148073497569
0.07010148073497569
-0.001653972424958905
-0.001653972424958905
0.05709060654044151
-0.02388430896558258
-0.02388430896558258
-0.02388430896558258
-0.00651107963762787
0.032086742551703185
0.032086742551703185
0.032086742551703185
-0.0357797647777357
-0.0357797647777357
-0.02839616411610657
0.06929618120193481
0.009576831012964249
-0.02839616411610657
-0.025778362625523688
-0.025778362625523688
-0.026862571113988043
-0.01860663765355164
-0.039744113620958865
-0.04800004708139527
-0.06842578398553956
-0.06016985052510315
-0.11412081592961365
0.06929618120193481
-0.10586488246917725
-0.1342846155166626
-0.05172528091229889
-0.09443165126599762
-0.06140791742425222
-0.1154318389139678
-0.07415223121643066
-0.03218209743499756
-0.03218209743499756
-0.03218209743499756
0.06593412160873413
-0.04573464393615723
-0.04573464393615723
-0.08675205707550049
-0.09500799053593689
-0.08762476318760926
-0.08762476318760926
0.041215802493848264
-0.03308759865007904
0.1766911274508426
0.019828391702551573
0.06593412160873413
0.32337106529035065
-0.60335752211119
-0.60335752211119
-1.1224536299705505
-1.1224536299705505
-0.35448384284973145
-0.35448384284973145
-0.32339441776275635
-0.03443674664748342
-0.4577203832174602
0.061300840228796005
0.20275435635918065
0.20275435635918065
-0.5977560656243249
-0.597756054448454
-1.2278548832002438
-1.227854898101405
-0.24436676502227783
0.18267852067947388
0.18267852067947388
0.44294115900993347
0.061300840228796005
0.44294115900993347
0.45761728914160477
0.45761728914160477
-0.5413507223129272
-0.42956751585006714
-0.42956751585006714
-0.26405447721481323
0.6771220000166642
0.8790085943121659
-0.05391194945887512
0.061300840228796005
-0.12371339923457092
-0.13196933269500732
-0.08368819952011108
-0.08368819952011108
-0.08558595180511475
-0.08558595180511475
0.11502361297607422
0.11502361297607422
0.18619084358215332
0.18619084358215332
0.03939297795295715
0.22197389602661133
0.22197389602661133
-0.01276618242263794
-0.01276618242263794
-0.012766122817993164
-0.1594793200492859
-0.1594793200492859
-0.5670266449451447
-0.5670266449451447
-0.1046943711607079
0.03939297795295715
-0.33954447978421254
1.1981232464313507
0.9502475783228874
0.9502475783228874
0.793472021818161
0.793472021818161
0.5425217747688293
0.1783217191696167
0.1783217191696167
0.18699562549591064
0.022519730031490326
0.18699562549591064
0.2667727470397949
0.2667727470397949
0.18553376197814941
0.18553376197814941
0.10888910293579102
0.10888910293579102
0.10888910293579102
0.06528115272521973
0.06528115272521973
0.022519730031490326
0.009576831012964249
0.1792668104171753
0.1792668104171753
0.1810903549194336
0.1810903549194336
0.0872839093208313
0.0872839093208313
-0.12404143810272217
-0.12404143810272217
-0.1185297966003418
-0.1185297966003418
0.02041519060730934
0.05201411247253418
0.05201411247253418
0.09490406513214111
0.09490406513214111
-0.15215003490447998
-0.15215003490447998
0.10633301734924316
0.10633301734924316
0.13226568698883057
0.13226568698883057
0.02041519060730934
0.13144052028656006
0.13144052028656006
0.13144052028656006
0.07970994710922241
0.07970994710922241
0.07970994710922241
0.13421988487243652
0.13421988487243652
0.1414492130279541
0.1414492130279541
0.013528633862733841
0.05802571773529053
0.0580257773399353
0.0580257773399353
-0.026780009269714355
-0.026780009269714355
-0.09523308277130127
-0.09523308277130127
-0.13663983345031738
-0.13663983345031738
-0.13347983360290527
0.013528633862733841
-0.13347983360290527
-0.07179856300354004
-0.07179856300354004
-0.07179856300354004
0.10692507028579712
0.10692507028579712
0.5478184223175049
-0.15393592181958649
0.2878148318513444
0.0071130941965078034
0.013528633862733841
0.10926789672751175
0.0917239785194397
0.0917239785194397
0.18113143742084503
0.38391774892807007
-0.3518923803379661
-0.3518923803379661
-0.08394813537597656
0.5600147372797916
0.4961158758715579
0.014141999185085297
0.5291396097133034
0.2092602268645638
0.21854814887046814
0.03831100836396217
0.03831100836396217
-0.2767704129219055
-0.2767704129219055
-0.06384393572807312
-0.06384393572807312
-0.22557029128074646
0.014141999185085297
0.7744297087192535
0.7744297087192535
0.4206833243370056
0.4206833243370056
0.4206833243370056
0.004971742630004883
0.004971742630004883
0.004971742630004883
0.0778915286064148
0.09921389818191528
0.026888813823461533
0.09921389818191528
0.09921389818191528
0.09921389818191528
0.0991927981376648
0.0991927981376648
0.0991927981376648
0.03950989246368408
0.03950989246368408
0.12474656105041504
0.12474656105041504
0.026888813823461533
0.14113426208496094
0.14113426208496094
-0.5749658534401342
-0.5749658534401342
-0.32110916940789475
-0.32110916940789475
-0.159237959667256
-0.159237959667256
-0.1017615136347319
-0.1017615136347319
0.0025388598442077637
0.009659666568040848
-0.06043637661557449
-0.06043637661557449
0.08032027514357315
0.44358134740277344
0.40686888345762307
1.0260638929903507
1.0548483617603779
1.0548483617603779
1.0615522004663944
0.07909611867446648
0.0025388598442077637
-0.05842223136048568
-0.07493409828135843
-0.07493409828135843
0.0014110585968745354
0.0014110585968745354
0.05346313491463661
0.053463149815797806
0.11369684338569641
0.1136968582868576
0.10491316020488739
-0.005991261452436447
0.10491316020488739
0.10431316494941711
-0.7718478331440374
-0.7291180828684255
-0.06864334329178462
0.041731867351030016
0.300007164478302
0.300007164478302
0.04561523720622063
0.04561523720622063
-0.005991261452436447
0.023009702563285828
0.023009702563285828
0.023009702563285828
0.009662125259637833
-0.030162151902914047
-0.030162151902914047
0.008872177451848984
0.008872177451848984
0.017885033041238785
0.017885033041238785
-0.0023840367794036865
0.012272533029317856
0.012272533029317856
0.06590035557746887
0.06590035557746887
0.0596577413380146
0.059657756239175797
0.04239309951663017
0.08470481810601134
0.08985090432198424
0.6347425127107846
-0.0023840367794036865
0.6323586733717668
0.06269926460165726
0.05095118539113747
0.05095118539113747
0.10785160899946564
0.10785160899946564
0.22343467744557483
0.13454491841165644
-0.005805950415761846
-0.08121971393886365
-0.002615503966808319
0.5418293131025214
0.6037740660341162
-0.37042608229737534
-0.45829951135735764
0.23519889931929738
-0.002615503966808319
0.016485005617141724
0.016485005617141724
0.02958310768008232
0.009659666568040848
0.02958310768008232
0.04294775798916817
0.04294775798916817
0.04294775798916817
0.04622049257159233
0.04622047767043114
0.05476253107190132
0.05476253852248192
0.061363715678453445
0.061363715678453445
0.009659666568040848
0.05265120789408684
0.05265120789408684
0.0737963318824768
0.0737963318824768
0.08835859596729279
0.08835859596729279
0.10950663685798645
0.10950663685798645
0.10157637298107147
0.10157637298107147
0.009659666568040848
0.0703563392162323
0.0703563392162323
0.08170196413993835
0.08170196413993835
0.0596122182905674
0.0596122182905674
0.05668529495596886
0.05668529495596886
0.05668529495596886
0.06806802749633789
0.009659666568040848
0.06806802749633789
0.0682162344455719
0.0682162344455719
0.07057517766952515
0.07057519257068634
0.07057519257068634
0.06996278464794159
0.06996278464794159
0.05927417054772377
0.05927417054772377
0.018940631300210953
0.05090460553765297
0.05090460553765297
0.04200078919529915
0.05128877394293484
-0.004646795164597664
0.0036091382958387055
0.03707196132132881
-0.06354501529743797
-0.06354501529743797
-0.16030224844029076
0.018940631300210953
