0.028633370995521573
-0.07643562555313108
0.02263557597210536
-0.1757837267298447
-0.23085362032840123
-0.23085362032840123
-0.3148591549772965
-0.3148591549772965
-0.3910571964163529
-0.3910571964163529
0.09401221573352814
-0.2919859948911165
-0.31808815504375254
-0.31808815504375254
-0.40276757980647837
-0.40276757980647837
-0.3465785509661624
-0.3465785509661624
-0.3369785170806081
-0.3369785170806081
-0.12391225915206106
0.09401221573352814
-0.12391225915206106
0.029898637219479163
0.03815457067991557
-0.0157494858691567
-0.0157494858691567
-0.001218469519364218
-0.02598626990067332
-0.03875972408997386
-0.055271591010846555
0.031010245022020877
0.08244086056947708
0.031010245022020877
0.07143179052754456
0.022806073489942014
0.022806073489942014
0.05503902937236582
0.005503428609747618
-0.004272269575219423
-0.02078413649609212
-0.02078413649609212
-0.03643412025351278
0.08244086056947708
-0.03643412025351278
-0.14289854388487966
-0.14401785950911672
-0.15227379296955312
-0.13785835002598013
-0.12960241656554372
-0.10380647998107106
-0.11206241344150747
-0.04182877038654531
-0.025316903465672613
0.08766058087348938
0.032866060733795166
0.032866060733795166
0.07593738405328043
0.07593738405328043
0.008545094414761145
0.008545094414761145
-0.0575360122479891
-0.0575360122479891
-0.05169445903677694
-0.05169445903677694
0.08766058087348938
0.01810865966897257
0.01810865966897257
0.12796687452416666
0.12796687452416666
0.1426776145633898
-0.014185121184901228
-0.014185121184901228
0.05466608154146291
-0.049205114966944685
-0.04094918150650828
0.10012863576412201
-0.1710501470063862
-0.1710501470063862
-0.21326877255188792
-0.13896537140796061
-0.2080802352804887
-0.2080802352804887
-0.13808226899096843
-0.13808226899096843
-0.12047094420382853
-0.12047094420382853
0.10012863576412201
0.02876194527274678
0.02876194527274678
0.036710284258189896
0.036710284258189896
-0.008061418407841692
-0.008061418407841692
0.007483165515096535
0.007483165515096535
0.08046573086788777
0.08046573086788777
0.11297444254159927
0.012798773614983827
0.012798773614983827
0.012798773614983827
0.022738826902289122
0.08723135057248566
0.08723135057248566
0.08723135057248566
-0.0772911812129774
-0.0772911812129774
-0.0784488069383722
0.11381635814905167
0.0929417684674263
-0.0784488069383722
-0.08525116192667115
-0.08525116192667115
-0.09937597262231934
-0.09112003916188294
-0.09026149385853821
-0.09851742731897462
-0.13063354241220582
-0.12237760895176941
-0.14849773519917542
0.11381635814905167
-0.140241801738739
-0.1574757695198059
-0.0749164349154422
-0.07107527318753692
-0.03805153934579153
-0.01792698471169729
0.02335268259048462
-0.0025925040245056152
-0.0025925040245056152
-0.0025925040245056152
0.10206682235002518
-0.038397133350372314
-0.038397133350372314
0.006464719772338867
-0.0017912136880975371
0.014405335250653684
0.014405335250653684
0.14085140353754944
0.06654800239362213
0.10450125995435211
-0.052361475793938905
0.10206682235002518
0.13393752041615936
-0.7927910669853813
-0.7927910669853813
-1.1655134558677673
-1.1655134558677673
-0.6980271339416504
-0.6980271339416504
-0.6943097710609436
-0.4053520999456707
-0.1351552448774639
0.09708468616008759
0.525319494699177
0.525319494699177
-0.20237069224056448
-0.20237069224056448
-1.2808998431030072
-1.2808998431030072
-0.29741171002388
0.25485965609550476
0.25485965609550476
0.5867034196853638
0.09708468616008759
0.5867034196853638
0.48328433068175064
0.48328433068175064
-0.5156836807727814
-0.16269755363464355
-0.16269755363464355
-0.09376263618469238
0.8474138410467851
0.9340055616278398
0.001085017856798709
0.09708468616008759
-0.008870984378613889
-0.017126917839050293
-0.010660111904144287
-0.010660111904144287
-0.004936039447784424
-0.004936039447784424
-0.008153021335601807
-0.008153021335601807
-0.008204519748687744
-0.008204519748687744
0.10734520852565765
-0.022936642169952393
-0.022936642169952393
-0.04432636499404907
-0.04432636499404907
-0.04432636499404907
-0.038620948791503906
-0.038620948791503906
-0.11091119050979614
-0.11091119050979614
0.3514210832746406
0.10734520852565765
0.23086669570521312
1.7685344219207764
1.2261079847812653
1.2261079847812653
0.769281342625618
0.769281342625618
0.3700414299964905
0.03150087594985962
0.03150087594985962
0.002436220645904541
0.09723161160945892
0.002436220645904541
0.0008273124694824219
0.0008273124694824219
0.002660810947418213
0.002660810947418213
0.005444824695587158
0.005444824695587158
0.005444824695587158
0.005525946617126465
0.005525946617126465
0.09723161160945892
0.0929417684674263
0.005069315433502197
0.005069315433502197
0.010315001010894775
0.010315001010894775
0.008593916893005371
0.008593916893005371
0.013615071773529053
0.013615071773529053
0.03252363204956055
0.03252363204956055
0.09954287111759186
0.03471362590789795
0.03471362590789795
0.05226081609725952
0.05226081609725952
0.017244040966033936
0.017244040966033936
0.033076465129852295
0.033076465129852295
0.06922018527984619
0.06922018527984619
0.09954287111759186
0.06858450174331665
0.06858450174331665
0.06858450174331665
0.10368490219116211
0.10368490219116211
0.10368490219116211
0.2081688642501831
0.2081688642501831
0.18698126077651978
0.18698126077651978
0.06586217135190964
0.04443359375
0.04443359375
0.04443359375
0.06743395328521729
0.06743395328521729
0.0145186185836792
0.0145186185836792
0.007334887981414795
0.007334887981414795
0.0033124685287475586
0.06586217135190964
0.0033124685287475586
0.00503772497177124
0.00503772497177124
0.00503772497177124
0.026383399963378906
0.026383399963378906
0.23248553276062012
-0.46926881137647125
0.2085720398708394
-0.0721296977839972
0.06586217135190964
0.11869124205488907
0.10114732384681702
0.10114732384681702
0.36207714676856995
0.5330926775932312
-0.20271745167280497
-0.20271745167280497
0.04169660806655884
0.685659480722327
0.7515625483111331
0.09966571629047394
0.7845862821528786
0.6600855306575173
0.6693734526634216
0.38201889395713806
0.38201889395713806
0.026059873402118683
0.026059873402118683
-0.05456756800413132
-0.05456756800413132
-0.1969565898180008
0.09966571629047394
0.8030434101819992
0.8030434101819992
0.4204803705215454
0.4204803705215454
0.4204803705215454
0.1304856538772583
0.1304856538772583
0.1304856538772583
0.05724608898162842
0.026936471462249756
0.05464714393019676
0.026936471462249756
0.026936471462249756
0.026936471462249756
0.02686363458633423
0.02686363458633423
0.02686363458633423
0.04562187194824219
0.04562187194824219
0.08117538690567017
0.08117538690567017
0.05464714393019676
0.18983083963394165
0.18983083963394165
-0.6200640985840246
-0.6200640985840246
-0.47238629428963913
-0.47238629428963913
-0.12379165856461777
-0.12379165856461777
-0.14823597042184128
-0.14823597042184128
0.02255525067448616
0.09307905286550522
-0.15360885231118454
-0.15360885231118454
-0.10180446623187317
0.2614566060273271
0.1823262768356424
0.8015212863683701
0.7779540419578552
0.7779540419578552
0.8790827840566635
-0.10337329773526444
0.02255525067448616
-0.056798690243771204
-0.07331055716464395
-0.07331055716464395
0.015107625752295316
0.015107625752295316
0.1932329684495926
0.1932329684495926
0.19297079741954803
0.19297079741954803
0.12504398822784424
0.031004978343844414
0.12504398822784424
0.11177374422550201
-0.7643872538679525
-0.7590045670145437
-0.09852982743790278
-0.03522295936157832
0.1848529428243637
0.1848529428243637
0.06061726063489914
0.06061726063489914
0.031004978343844414
0.05385449156165123
0.05385449156165123
0.05385449156165123
0.06088309735059738
-0.052535947412252426
-0.052535947412252426
-0.0031545469537377357
-0.0031545469537377357
0.05701104924082756
0.05701104924082756
0.04081394150853157
0.09087017923593521
0.09087017923593521
0.04564380273222923
0.04564380273222923
0.1941816508769989
0.1941816508769989
0.15190747380256653
0.19421919239194768
0.09834180948765654
0.6432334178764569
0.04081394150853157
0.7252092094797837
0.15554980070967422
0.15610755117315994
0.15610755117315994
0.11460878548065298
0.11460878548065298
0.23019185392676217
0.2491665185478173
0.108815649720399
0.06519102697309695
-0.004425481893122196
0.5966143263013739
0.41248031980112976
-0.5617198285303617
-0.670732789917996
0.022765620758658955
-0.004425481893122196
-0.044993720948696136
-0.044993720948696136
-0.011609856970608234
0.09307905286550522
-0.011609856970608234
0.035960108041763306
0.035960108041763306
0.035960108041763306
0.03697854280471802
0.03697854280471802
0.1337731033563614
0.1337731033563614
0.14106296002864838
0.14106296002864838
0.09307905286550522
0.12919196486473083
0.12919196486473083
0.12446969002485275
0.12446969002485275
0.10962221026420593
0.10962221026420593
0.11237920075654984
0.11237920075654984
0.1574317365884781
0.1574317365884781
0.09307905286550522
0.19371138513088226
0.19371138513088226
0.20356804132461548
0.20356804132461548
0.2192925065755844
0.2192925065755844
0.1531492918729782
0.1531492918729782
0.1531492918729782
0.1220211312174797
0.09307905286550522
0.1220211312174797
0.17421956360340118
0.17421956360340118
0.15132205188274384
0.15132205188274384
0.15132205188274384
0.1923825442790985
0.1923825442790985
0.17955274879932404
0.17955274879932404
0.1104540005326271
0.11221188306808472
0.11221188306808472
0.04517822712659836
0.05446621187423405
0.013479086276339855
0.021735019736776225
0.06650529743025177
-0.03928352578690178
-0.03928352578690178
-0.07043783052971489
0.1104540005326271
