-0.01710784435272214
-0.3633615970611572
-0.26429039553592076
-0.3063423068899857
-0.3875708611387955
-0.3875708611387955
-0.4611225755591141
-0.4611225755591141
-0.32257199601123204
-0.32257199601123204
-0.09899404644966125
-0.22350079448599564
-0.13103882576289927
-0.13103882576289927
-0.20205150152507578
-0.20205150152507578
-0.25056697192944977
-0.25056697192944977
-0.3279947262061269
-0.3279947262061269
-0.1416464887167278
-0.09899404644966125
-0.1416464887167278
-0.09444064529318563
-0.08618471183274923
-0.10441348113511739
-0.10441348113511739
-0.10723915852998434
-0.13200695891129344
-0.1316648282502827
-0.14817663556651062
-0.14238771325663513
-0.09557382762432098
-0.14238783246592468
-0.12658884650782531
-0.1338672386972528
-0.1338672386972528
-0.14266910051044668
-0.19220470127306488
0.004555476339239806
-0.011956390581632892
-0.011956390581632892
0.23864372937302836
-0.09557382762432098
0.23864372937302836
-0.09177671294463308
-0.2334523044134441
-0.24170823787388052
-0.31453307365116323
-0.3062771401907268
-0.24756871085417897
-0.2558246443146154
-0.046182770478098045
-0.029670903557225348
-0.10932691395282745
0.07465368509292603
0.07465368509292603
0.20531182853799113
0.20531182853799113
0.03897660343270548
0.03897660343270548
-0.022568351344058435
-0.02256841094870321
-0.17473310859579794
-0.17473298938650839
-0.10932691395282745
-0.008567756728122156
-0.008567756728122156
0.1957596477709318
0.1957596477709318
0.4496832286056719
0.2928204928573809
0.2928204928573809
0.20532892095415212
-0.2203910256686964
-0.21213509220826
-0.12154484540224075
-0.1602074660752949
-0.1602074660752949
-0.32000567097412913
-0.24570226983020182
-0.1959872873205888
-0.1959872873205888
0.1729339627843154
0.1729339627843154
-0.10175377444217082
-0.10175377444217082
-0.12154484540224075
-0.12417868564003398
-0.12417868564003398
-0.1622270126091807
-0.1622270126091807
-0.11414296376077748
-0.11414296376077748
-0.1504416057938024
-0.1504416057938024
-0.19641214922854777
-0.19641214922854777
-0.12677714228630066
-0.16593910518445465
-0.16593910518445465
-0.16593910518445465
-0.14139269527636078
0.016473782689947813
0.016473782689947813
0.016473782689947813
-0.269906034595088
-0.269906034595088
-0.3016020404665094
-0.12810279428958893
-0.16561007499694824
-0.3016020404665094
-0.30265236842004883
-0.30265236842004883
-0.23485148894159424
-0.22659555548115784
-0.2143639075128656
-0.222619840973302
-0.259254464977666
-0.2509985315172296
-0.31397757404728943
-0.12810279428958893
-0.305721640586853
-0.30898624658584595
-0.22642691198148224
-0.22760595145978424
-0.19458221761803884
-0.15674775211434622
-0.11546802520751953
-0.08821612596511841
-0.08821612596511841
-0.08821612596511841
-0.14287744462490082
-0.10898435115814209
-0.10898435115814209
-0.12882953882217407
-0.13708547228261048
-0.054358040031633914
-0.054358040031633914
-0.03047731989308411
-0.10478072103701142
-0.05509262022219208
-0.2119553559704831
-0.14287744462490082
0.3962374455050418
-0.5304911418964988
-0.5304911418964988
-1.0817938521504402
-1.0817938521504402
-0.9716814197599888
-0.9716814197599888
-0.8332853466272354
-0.5443276755119625
-0.4378677747751537
-0.13660676777362823
0.22260696480148717
0.22260696480148717
-0.7059008816355153
-0.7059010157459661
-1.8525429273906506
-1.8525426889720715
-0.8690545558929443
-0.06620863080024719
-0.06620863080024719
-0.04255547374486923
-0.13660676777362823
-0.04255547374486923
-0.1836777117691542
-0.1836777117691542
-1.1826457232236862
-0.7212815284729004
-0.7212815284729004
-0.43756699562072754
0.5036094816107499
0.916061702527498
-0.016858841243543088
-0.13660676777362823
-0.00735827809885925
-0.015614211559295654
-0.005131363868713379
-0.005131363868713379
-0.0022063851356506348
-0.0022063851356506348
-0.026695311069488525
-0.026695311069488525
-0.0031754374504089355
-0.0031754374504089355
-0.11743690818548203
-0.0005959868431091309
-0.0005959868431091309
-0.0005186200141906738
-0.0005186200141906738
-0.0005186796188354492
-0.001385509967803955
-0.001385509967803955
-0.20237648487091064
-0.20237648487091064
0.2599557889135261
-0.11743690818548203
-0.22032461040898366
1.3173431158065796
1.3923329710960388
1.3923329710960388
1.5480443835258484
1.5480443835258484
0.6801589727401733
0.13954126834869385
0.13954126834869385
0.000784754753112793
-0.0787404477596283
0.000784754753112793
0.011045396327972412
0.011045396327972412
0.019934773445129395
0.019934773445129395
0.2947913408279419
0.2947913408279419
0.2947913408279419
0.0002613663673400879
0.0002613663673400879
-0.0787404477596283
-0.16561007499694824
0.023282170295715332
0.023282170295715332
0.1816231608390808
0.1816231608390808
0.0017781257629394531
0.0017781257629394531
0.0021401643753051758
0.0021401643753051758
0.001412510871887207
0.001412510871887207
-0.07196587324142456
0.001737356185913086
0.001737356185913086
0.0974130630493164
0.0974130630493164
0.0346827507019043
0.0346827507019043
0.012481153011322021
0.012481153011322021
0.005262792110443115
0.005262792110443115
-0.07196587324142456
0.005592703819274902
0.005592703819274902
0.005592703819274902
0.008772015571594238
0.008772015571594238
0.008772015571594238
0.003882110118865967
0.003882110118865967
0.002984344959259033
0.002984344959259033
-0.08852445334196091
2.6285648345947266e-05
2.6226043701171875e-05
2.6226043701171875e-05
1.1742115020751953e-05
1.1742115020751953e-05
1.1146068572998047e-05
1.1146068572998047e-05
8.344650268554688e-07
8.344650268554688e-07
1.7881393432617188e-07
-0.0885242149233818
1.7881393432617188e-07
4.231929779052734e-06
4.231929779052734e-06
4.231929779052734e-06
0.0012058019638061523
0.0012058019638061523
0.44666987657546997
-0.2550844675616214
0.3475538701995423
0.06685213254470573
-0.0885242149233818
-0.24922111003022446
-0.2667650282382965
-0.2667650282382965
-0.054452378302812576
0.20446917414665222
-0.531340955119384
-0.531340955119384
-0.4211920201778412
0.22277085247792697
-0.22085009750566983
-0.10640092194080353
-0.1878260209372169
-0.23412719212080302
-0.22483927011489868
-0.2777172029018402
-0.2777172029018402
-0.8535242080688477
-0.8535242080688477
-0.7389391660690308
-0.7389391660690308
-0.08305125683546066
-0.10640104115009308
0.9169487431645393
0.9169487431645393
0.4591478705406189
0.4591478705406189
0.4591478705406189
7.677078247070312e-05
7.677078247070312e-05
7.677078247070312e-05
0.008683204650878906
0.0057863593101501465
-0.10161539912223816
0.0057863593101501465
0.0057863593101501465
0.0057863593101501465
0.039592444896698
0.039592444896698
0.039592444896698
0.0030946731567382812
0.0030946731567382812
0.11198580265045166
0.11198580265045166
-0.10161539912223816
0.02208930253982544
0.02208930253982544
-0.9313999602669164
-0.9313999602669164
-0.8112007912836576
-0.8112007912836576
-0.1735664841375853
-0.1735664841375853
-0.053144716902783044
-0.053144716902783044
-0.08624578267335892
-0.16557413339614868
-0.09719295917372955
-0.09719295917372955
-0.10809119908433212
0.25516987317486817
0.04398507350369507
0.6631800830364227
0.7614882290363312
0.7614882290363312
0.9473294392228127
-0.03512664256911529
-0.08624578267335892
-0.03622013820629371
-0.05273200512716645
-0.05273200512716645
-0.07149912730643625
-0.07149912730643625
-0.12219452112913132
-0.12219464033842087
-0.09767971932888031
-0.09768018871545792
0.0014901180984452367
-0.04774358123540878
0.0014901180984452367
-0.03138916566967964
-0.9075501637631341
-0.8519605139368459
-0.19148577436020503
-0.3697908638339294
0.029662132263183594
0.029662132263183594
-0.06699524074792862
-0.06699524074792862
-0.04774358123540878
-0.02774074487388134
-0.02774074487388134
-0.02774074487388134
-0.023525899276137352
0.06785938143730164
0.06785938143730164
0.07889599353075027
0.07889599353075027
0.01226840727031231
0.01226840727031231
-0.0175541453063488
-0.04526344686746597
-0.04526344686746597
-0.08867418020963669
-0.08867418020963669
-0.03536036238074303
-0.03535977005958557
-0.014098898507654667
0.028213178640917727
0.03649735534073491
0.5813889637295353
-0.0175541453063488
0.5773768679876077
0.007717459217498175
-0.1483890202484633
-0.1483890202484633
-0.007501964114214249
-0.007501964114214249
0.10808110433189494
0.10836176025240046
-0.03198910857501783
-0.024420369220407384
-0.004072282463312149
0.4683864963682074
0.12121095782832092
-0.8529891905031706
-0.6717246112070585
0.021773799469596455
-0.004072282463312149
-0.03170726075768471
-0.03170726075768471
-0.03176060691475868
-0.16557413339614868
-0.03176060691475868
-0.01583133451640606
-0.01583133451640606
-0.01583133451640606
-0.024192016571760178
-0.024192016571760178
-0.006548783741891384
-0.006548546254634857
-0.0021033219527453184
-0.0021033219527453184
-0.16557413339614868
-0.059518709778785706
-0.059518709778785706
-0.07936640828847885
-0.07936640828847885
-0.08771788328886032
-0.08771788328886032
-0.10929252952337265
-0.10929252952337265
-0.11251749843358994
-0.11251749843358994
-0.16557413339614868
-0.09871958196163177
-0.09871958196163177
-0.11051814258098602
-0.11051814258098602
-0.0743362307548523
-0.0743362307548523
-0.04204795882105827
-0.04204795882105827
-0.04204795882105827
-0.09343374520540237
-0.16557413339614868
-0.09343374520540237
-0.05439484864473343
-0.05439484864473343
-0.028770484030246735
-0.028770603239536285
-0.028770603239536285
-0.032910607755184174
-0.032910607755184174
-0.12808555364608765
-0.12808555364608765
-0.15744417905807495
-0.11915137618780136
-0.11915137618780136
-0.10706158727407455
-0.09777360252643887
-0.006787428926480446
0.0014685045339559236
0.004813413478826217
-0.03506885155251152
-0.03506885155251152
-0.1161790458779586
-0.15744417905807495
