0.19440093822777274
0.0998935550451279
0.19896475657036433
-0.6345982582945573
0.06411456748058925
0.06411456748058925
-0.38520038441607823
-0.38520038441607823
0.06833138748219142
0.06833138748219142
-0.018471410498023033
0.16740258900742783
0.22345036660370077
0.22345036660370077
-0.03282014633479868
-0.03282014633479868
-0.3143028146342227
-0.3143028146342227
-0.3936361294043691
-0.3936361294043691
0.45940920788990824
-0.018471410498023033
0.45940920788990824
-0.073943084792087
-0.0656871513316506
-0.07576581992601095
-0.07576581992601095
-0.10716882504914937
-0.13193662543045848
-0.13195057291733592
-0.14846243983820862
-0.14785322076395935
-0.017726916819810867
-0.14785322076395935
-0.14778342372492737
-0.15742144459172303
-0.15742144459172303
-0.18280359004673208
-0.23233919080935028
0.10592753949918243
0.08941567257830974
0.08941567257830974
0.47935431568246134
-0.017726916819810867
0.47935431568246134
-0.25950877290023
-0.26428370099318654
-0.27253963445362295
-0.2635593602531835
-0.2553034267927471
-0.22109888415587575
-0.22935481761631216
-0.2620775887840673
-0.24556572186319459
-0.01454564556479454
-0.24452608823776245
-0.24452608823776245
-0.18756688268561117
-0.18756688268561117
-0.25462252529043905
-0.25462252529043905
-0.13995296390433065
-0.13995296390433065
0.14328049985986002
0.14328049985986002
-0.01454564556479454
-0.04132265479941122
-0.04132265479941122
0.652408638282826
0.652408638282826
0.5648370777305803
0.4079743419822893
0.4079743419822893
0.24831158863870717
-0.3139373565974989
-0.3056814231370625
-0.0076345945708453655
-0.2937290825341877
-0.2937290825341877
-0.31809850115525096
-0.24379510001132365
0.3211502699475539
0.3211502699475539
-0.08989751652667399
-0.08989751652667399
-0.03992796257922526
-0.03992796257922526
-0.0076345945708453655
0.01599552443152974
0.01599552443152974
0.2785841446173818
0.2785841446173818
-0.1452107523616991
-0.1452107523616991
-0.16924639438327993
-0.16924639438327993
-0.19763428286502238
-0.19763428286502238
-0.0038845667149871588
-0.1388730532244632
-0.1388730532244632
-0.1388730532244632
0.40501893821515533
0.2699918574408481
0.2699918574408481
0.2699918574408481
-0.22191243422658824
-0.22191243422658824
-0.2505696164934259
0.0006781005067750812
-0.0033044982701539993
-0.2505696164934259
-0.29651058661310303
-0.29651058661310303
-0.13166208016244996
-0.12340614670201355
0.04257812625483459
0.03432219279439819
-0.2519237493213855
-0.2436678158609491
-0.2661512839166742
0.0006781005067750812
-0.2578953504562378
-0.21797806024551392
-0.1354187256411502
-0.21717770162381622
-0.18415396778207083
-0.18635796873193045
-0.14507830142974854
-0.10442733764648438
-0.10442733764648438
-0.10442733764648438
-0.000683921214658767
-0.10239797830581665
-0.10239797830581665
-0.15499258041381836
-0.16324851387425476
-0.12925008409901673
-0.12925008409901673
-0.11951652639790589
-0.1938199275418332
-0.2279853099270871
-0.3848480456753781
-0.000683921214658767
0.3018643087462375
-0.6248642786553031
-0.6248642786553031
-1.253260612487793
-1.253260612487793
-0.9563997127115726
-0.9563997127115726
-0.5366872847080231
-0.24772961359275014
-0.7130160063113037
-0.0017272725235670805
-0.052541266734662806
-0.052541266734662806
-0.5756750527867361
-0.5756750527867361
-0.9869530626057991
-0.9869530626057991
-0.0034649295266717672
-0.017621733248233795
-0.017621733248233795
-0.01319699827581644
-0.0017272725235670805
-0.01319699827581644
-0.009189960791876438
-0.009189960791876438
-1.0081579722464085
-0.17973679304122925
-0.17973679304122925
-0.007938206195831299
0.9332382710356462
0.9403957755942094
0.007475231823168338
-0.0017272725235670805
0.008149479564867557
-0.00010645389556884766
-4.225969314575195e-05
-4.225969314575195e-05
-0.0036347508430480957
-0.0036347508430480957
-0.0009019374847412109
-0.0009019374847412109
-1.4960765838623047e-05
-1.4960765838623047e-05
-0.0036818748340010643
-7.826089859008789e-05
-7.826089859008789e-05
-3.463029861450195e-05
-3.463029861450195e-05
-3.463029861450195e-05
-0.005659222602844238
-0.005659222602844238
-0.5626995861530304
-0.5626995861530304
-0.10036731236859364
-0.0036818748340010643
-0.5493318904681425
0.9883358357474208
0.903943233191967
0.903943233191967
0.48818254470825195
0.48818254470825195
0.03502565622329712
1.7881393432617188e-07
1.7881393432617188e-07
-1.1920928955078125e-07
-0.0001629320759093389
-1.1920928955078125e-07
1.7881393432617188e-07
1.7881393432617188e-07
0.0004302859306335449
0.0004302859306335449
0.00022846460342407227
0.00022846460342407227
0.00022846460342407227
0.0
0.0
-0.0001629320759093389
-0.0033044982701539993
0.0
0.0
0.0014823675155639648
0.0014823675155639648
0.0010759830474853516
0.0010759830474853516
5.155801773071289e-05
5.155801773071289e-05
0.033148229122161865
0.033148229122161865
-0.010279837064445019
0.002845287322998047
0.002845287322998047
0.0008170008659362793
0.0008170008659362793
6.300210952758789e-05
6.300210952758789e-05
0.0075019001960754395
0.0075019001960754395
0.03651303052902222
0.03651303052902222
-0.010279837064445019
0.006661832332611084
0.006661832332611084
0.006661832332611084
0.00947350263595581
0.00947350263595581
0.00947350263595581
9.429454803466797e-05
9.429454803466797e-05
0.0016075372695922852
0.0016075372695922852
-0.001031255698762834
0.002665221691131592
0.002665221691131592
0.002665221691131592
0.00019371509552001953
0.00019371509552001953
2.7298927307128906e-05
2.7298927307128906e-05
0.001104891300201416
0.001104891300201416
9.387731552124023e-05
-0.001031255698762834
9.387731552124023e-05
7.653236389160156e-05
7.653236389160156e-05
7.653236389160156e-05
1.5139579772949219e-05
1.5139579772949219e-05
0.16842710971832275
-0.5333272344187686
0.24743113902054337
-0.03327059863429321
-0.001031255698762834
0.010815320291409365
-0.006728597916662693
-0.006728597916662693
-0.00680726720020175
0.008540359325706959
-0.7272697699403292
-0.7272697699403292
0.294414222240448
0.9383770948962161
0.9424137598589847
-0.0003624511300586164
0.9754376725146645
0.053567902822243545
0.06285582482814789
-0.045762937515974045
-0.045762937515974045
-0.28858643770217896
-0.28858643770217896
-0.04347899183630943
-0.04347899183630943
0.0016508710104972124
-0.0003624511300586164
1.0016508710104972
1.0016508710104972
0.6941859424114227
0.6941859424114227
0.6941859424114227
1.9431114196777344e-05
1.9431114196777344e-05
1.9431114196777344e-05
1.6689300537109375e-05
2.6226043701171875e-05
-0.0060073514468967915
2.6226043701171875e-05
2.6226043701171875e-05
2.6226043701171875e-05
8.094310760498047e-05
8.094310760498047e-05
8.094310760498047e-05
5.233287811279297e-05
5.233287811279297e-05
0.005439579486846924
0.005439579486846924
-0.0060073514468967915
0.03371173143386841
0.03371173143386841
-0.9620043227547094
-0.9620043227547094
-0.973936611100247
-0.973936611100247
-0.041266595258524545
-0.041266595258524545
-0.010258517473151811
-0.010258517473151811
0.00016001889889594167
-0.0033287941478192806
0.005510530189463965
0.005510530189463965
-0.021935385896971353
0.34132568636222893
0.011359964546404422
0.6305549740791321
0.7533306330442429
0.7533306330442429
0.783087968826294
-0.199368112965634
0.00016001889889594167
-0.011582155957033761
-0.0280940228779065
-0.0280940228779065
0.002609457826781035
0.002609457826781035
-0.0016333063831552863
-0.0016333101084455848
0.00852234847843647
0.00852234847843647
-0.010559373535215855
-0.007621434051543474
-0.010559373535215855
0.005554600618779659
-0.8706063974746748
-0.8209624292426988
-0.16048768966605792
-0.22534321121087203
0.03507787361741066
0.03507787361741066
-0.04033311828970909
-0.04033311828970909
-0.007621434051543474
-0.005144351627677679
-0.005144351627677679
-0.005144351627677679
-0.021185217425227165
0.00023613589291926473
0.00023613589291926473
0.06510872393846512
0.06510872393846512
-0.0016923296498134732
-0.0016923296498134732
-0.007281358353793621
0.007150785531848669
0.007150785531848669
-0.016914615407586098
-0.016914615407586098
-0.01082827802747488
-0.010828281752765179
-0.0050535802729427814
0.03725813272850294
0.029810155643836447
0.5747017640326368
-0.007281358353793621
0.5824875481132614
0.012828139343151919
0.01662729690954285
0.01662729690954285
0.11604476026810803
0.11604476026810803
0.23162782871421722
0.22721876400081736
0.08686789517339907
-0.0017058810121134693
-0.014544939622282982
0.041727329555310666
0.2052666199834723
-0.7689335283480192
-0.525838786049893
0.16765962462676198
-0.014544939622282982
-0.007826444692909718
-0.007826444692909718
-0.0036603857297450304
-0.0033287941478192806
-0.0036603857297450304
-0.008862817659974098
-0.008862817659974098
-0.008862817659974098
-0.003582308068871498
-0.003582308068871498
-0.003813604824244976
-0.003813612274825573
-0.0034657935611903667
-0.0034657935611903667
-0.0033287941478192806
-0.007573859766125679
-0.007573859766125679
-0.0028204869013279676
-0.0028204869013279676
-0.002744796685874462
-0.002744796685874462
-0.0028088008984923363
-0.0028088008984923363
-0.01751944050192833
-0.01751944050192833
-0.0033287941478192806
-0.002101245569065213
-0.002101245569065213
-0.0043004360049963
-0.0043004360049963
-0.013807767070829868
-0.013807767070829868
-0.010508283041417599
-0.010508283041417599
-0.010508283041417599
-0.017093734815716743
-0.0033287941478192806
-0.017093734815716743
-0.0065968758426606655
-0.0065968758426606655
-0.011587454006075859
-0.011587454006075859
-0.011587454006075859
-0.009154833853244781
-0.009154833853244781
-0.007328462786972523
-0.007328462786972523
-0.0035546107683330774
-0.0023194721434265375
-0.0023194721434265375
-0.006355161312967539
0.0029328234346681498
-0.00017268891985479373
0.008083244540581576
0.027668486692403488
0.09955169574210518
0.09955169574210518
0.09532973670253628
-0.0035546107683330774
