-0.029721304774284363
-0.028895368799567223
-0.02276485785841942
-0.03159177675843239
-0.025567643344402313
-0.027360642328858376
-0.028172705322504044
-0.028197094798088074
-0.01865563914179802
-0.022491848096251488
-0.030121993273496628
-0.027530092746019363
-0.036681000143289566
-0.01284850388765335
-0.004270318429917097
-0.008044963702559471
-0.00499183963984251
-0.0064356401562690735
-0.008709685876965523
-0.0076529523357748985
-0.008310834877192974
-0.006578186061233282
-0.00913539994508028
-0.022314229980111122
-0.022704996168613434
-0.017747767253694716
-0.059982657400722866
-0.03869570038704963
-0.07468199721961112
-0.10144451154698297
-0.09607226288536555
-0.19013515746811396
-0.20887575929779068
-0.3073541883252001
-0.37834204619545
-0.4180903944831803
-0.4540687341036226
-0.3727073955914978
-0.34238303984459745
-0.2725009726376414
-0.2118690109803737
-0.057266303489347026
-0.0922314758834416
-0.10789572557385951
-0.11258396615361255
-0.11080983390187304
-0.15379916986402065
-0.17281793912824184
-0.1765859659570077
-0.17704176267560512
-0.17057296742772143
0.0001341700553894043
0.0005549788475036621
0.0030881166458129883
0.008906900882720947
0.05798196792602539
0.1325291395187378
-0.3395060055419677
-0.19160874715696724
-0.2606247067451477
-0.157762810587883
-0.12515923380851746
-0.11874845623970032
-0.04663844034075737
-0.012752672657370567
7.142870890675113e-05
-0.03018738329410553
-0.042495448142290115
-0.013958175666630268
0.002854465739801526
-0.014730995520949364
-0.016927076503634453
-0.011678692884743214
-0.027458438649773598
-0.029780864715576172
-0.02234782464802265
-0.005592667497694492
0.026310736313462257
0.026162847876548767
-0.028865724802017212
0.005573021247982979
-0.008075172081589699
-0.01188755128532648
-0.013702605850994587
-0.017942318692803383
-0.028722750023007393
-0.0160163976252079
-0.021316194906830788
-0.0031131773721426725
0.0009351109038107097
-0.017776306718587875
-0.032039936631917953
0.02819386130977558
0.02163757017661022
-0.019121520157566796
-0.0026178433934075027
-0.03294086453911332
-0.002578329271045003
0.814647401555671
0.6670294020834392
0.40786504636431653
-0.01385068258222133
-0.059270852412543595
0.07628530899111241
-0.6479478478431702
-0.35125547647476196
-0.19034400582313538
-0.24792865662971028
0.6088668319882445
-0.2583247423171997
-0.4399459660053253
-0.5502210855484009
-0.7858248949050903
0.10734623670578003
0.11335766315460205
0.07764720916748047
0.013922929763793945
0.01502978801727295
0.024765968322753906
0.048543572425842285
0.0611305832862854
0.04945969581604004
0.08286833763122559
0.25454628467559814
0.1566150188446045
0.17940479516983032
0.41292864084243774
0.5060316248852788
0.10015755365641182
-0.10692595686509654
-0.020884860291061583
-0.04071385410224951
-0.03471983219378526
-0.02557832741331173
-0.03918427968414847
-0.08244647079299999
-0.17444252958284487
0.17802000475616686
0.42050689458847046
0.13573414087295532
0.02593255043029785
0.007927000522613525
0.00892704725265503
0.006672978401184082
0.01449739933013916
0.0355570912361145
0.068026602268219
0.12717825174331665
-0.09093165721615948
-0.5660179257392883
-0.4953286870756966
-0.401728711934763
-0.03406069853589805
0.0652993204326841
0.5986741483211517
0.5637466013431549
0.4794773459434509
0.4574635624885559
0.43907397985458374
0.5197111368179321
0.5927915721972563
0.7449407577355482
-0.1320289522409439
-0.11499566584825516
-0.10374469310045242
-0.09579044580459595
-0.08552558720111847
-0.06525211036205292
-0.04695788770914078
-0.038497697561979294
-0.03456014394760132
-0.04401100426912308
-0.03014938347041607
-0.008005723357200623
0.011459412968604935
-0.1704815796011371
-0.5004461906755066
-0.8577021658420563
-0.66189244389534
-0.5622523128986359
-0.8965833708643913
-0.9237553924322128
-0.9284876585006714
-0.9257771149277687
-0.9942346937023103
-0.8936062008142471
-0.9148271083831787
-0.8931617364287376
-0.8061256110668182
-0.7955169230699539
-0.6438619792461395
-0.4836558699607849
-0.4836558699607849
-0.13610726594924927
-0.13610726594924927
0.21609994890881434
0.9519219398498535
0.9005383849143982
0.9005383849143982
0.8193819522857666
0.8193819522857666
0.530899167060852
0.530899167060852
0.9078480964446667
0.5061329562121156
0.09522911922159016
-0.07567453384399414
-0.000493168830871582
-7.611513137817383e-05
-0.0031160712242126465
-0.012959718704223633
-0.044186174869537354
-0.1818717122077942
-0.589869499206543
-0.9205816313624382
-1.1964049190282822
-0.19640491902828217
-0.22686340651102643
0.5894083082675934
0.29018354415893555
0.15877795219421387
0.059007227420806885
0.058704912662506104
0.11586999893188477
0.37896597385406494
0.005073368549346924
0.000560760498046875
0.00018906593322753906
0.001895308494567871
0.005275130271911621
0.00017052888870239258
1.1026859283447266e-05
3.516674041748047e-06
1.0132789611816406e-06
1.424551010131836e-05
5.155801773071289e-05
3.415346145629883e-05
1.823902130126953e-05
4.112720489501953e-06
2.6464462280273438e-05
3.224611282348633e-05
3.0994415283203125e-06
1.4901161193847656e-06
4.172325134277344e-06
7.76052474975586e-05
0.0004292726516723633
0.002215445041656494
0.007434964179992676
0.01499485969543457
0.05502253770828247
0.21626746654510498
0.4011114239692688
0.48925137519836426
0.5522165298461914
0.6839115619659424
0.5414761879728112
0.28493161527360084
-0.0025300029665231705
0.001651389873586595
-0.037680674344301224
-0.010785062797367573
0.017303749918937683
