0.006401151418685941
-0.05830723047256467
0.040763971052671766
0.025375243864561414
-0.012464407243226672
-0.012464407243226672
-0.04942357853839269
-0.04942357853839269
-0.08252802804896703
-0.08252802804896703
0.044251009821891785
0.01654317347626938
0.020730305659143577
0.020730305659143577
0.036670852648584495
0.036670852648584495
-0.06165797773160431
-0.06165797773160431
-0.11446984818107198
-0.11446984818107198
0.05932851214157908
0.044251009821891785
0.05932851214157908
0.1977573570452238
0.2060132905056602
0.12450787268186869
0.12450787268186869
0.014278738122237344
-0.010489062259071757
-0.03221143860565989
-0.04872330552653259
-0.005879486861981809
0.0421249121427536
-0.005879427257337033
0.08571252697392517
0.04637601501063293
0.04637601501063293
-0.0100888202064916
-0.059624420969109804
0.009170067937750548
-0.00734179898312215
-0.00734179898312215
0.08008479444604166
0.0421249121427536
0.08008479444604166
0.1509071149324116
0.18136088628517955
0.17310495282474314
0.1287223508483485
0.1369782843087849
0.08408661265122264
0.07583067919078623
0.01614580656352793
0.03265767348440063
0.03411860018968582
0.08622187376022339
0.08622187376022339
0.13312196104150065
0.13312196104150065
0.14049600927453287
0.14049600927453287
0.17912571994881876
0.179125660344174
0.2082536753855253
0.2082536753855253
0.03411860018968582
0.18294244377236613
0.18294244377236613
0.2736470934591795
0.2736470934591795
0.36541650640337087
0.20855377065507985
0.20855377065507985
0.2506111954387865
0.2272897754844866
0.235545708944923
0.02914363518357277
0.049568577816611836
0.049568577816611836
0.0016823850179973343
0.07598578616192464
0.036776181898618976
0.036776181898618976
-0.07240313605258342
-0.07240313605258342
-0.05912548617312785
-0.05912548617312785
0.02914363518357277
0.11147626450187276
0.11147626450187276
0.1004973273528249
0.1004973273528249
0.1349289323154249
0.1349289323154249
0.10282049681010996
0.10282049681010996
0.014169153414274493
0.014169153414274493
0.014166455715894699
-0.06217117372312042
-0.06217117372312042
-0.06217117372312042
-0.04436992344103363
-0.007659541933160097
-0.007659541933160097
-0.007659541933160097
-0.01385741484792613
-0.01385741484792613
-0.08846733444615418
0.019309937953948975
-0.0004963837563991547
-0.08846733444615418
-0.1351402496036731
-0.1351402496036731
-0.15790481316415894
-0.14964887970372254
-0.0990496026842218
-0.10730553614465821
-0.07306135641901124
-0.06480542295857483
-0.08783010118886048
0.019309937953948975
-0.07957416772842407
-0.1111832857131958
-0.02862395110883209
-0.040039909513373106
-0.0070160564623381605
-0.07519018022637625
-0.03391063213348389
-0.057152509689331055
-0.057152509689331055
-0.057152509689331055
0.024334631860256195
-0.05271005630493164
-0.05271005630493164
-0.003499269485473633
-0.011755202945910037
0.08598133451060241
0.08598133451060241
0.19151290780619568
0.11720950666226837
0.16512788596906158
0.008265150220770567
0.024334631860256195
0.17989818516530487
-0.7468304022362358
-0.7468304022362358
-1.2293224334716797
-1.2293224334716797
-0.6228397786617279
-0.6228397786617279
-0.20451867580413818
0.08443899531113475
-0.18474690537703664
0.036919333040714264
0.47572783419960424
0.47572783419960424
-0.5301896521919652
-0.5301896521919652
-1.218025615340785
-1.2180256451431073
-0.2345375120639801
0.0934632197022438
0.0934632197022438
0.265595942735672
0.036919333040714264
0.265595942735672
0.1607824030675386
0.1607824030675386
-0.8381856083869934
-0.40295517444610596
-0.40295517444610596
-0.19271421432495117
0.7484622629065263
0.8201922209639299
-0.1127283228071112
0.036919333040714264
0.005545591053209842
-0.0027103424072265625
0.0686957836151123
0.0686957836151123
-0.1346806287765503
-0.1346806287765503
-0.055460989475250244
-0.055460989475250244
-0.03915977478027344
-0.03915977478027344
0.030020616948604584
0.063210129737854
0.063210129737854
0.1835571527481079
0.1835571527481079
0.1835571527481079
0.15852713584899902
0.15852713584899902
-0.34996557235717773
-0.34996557235717773
0.11236670142725902
0.030020616948604584
-0.4212669851748566
1.1164007410407066
0.9040311351418495
0.9040311351418495
0.7865162193775177
0.7865162193775177
0.46677184104919434
0.06803971529006958
0.06803971529006958
0.19387131929397583
0.019509680569171906
0.19387131929397583
0.18040180206298828
0.18040180206298828
0.3505622148513794
0.3505622148513794
0.18255311250686646
0.18255311250686646
0.18255311250686646
0.14964497089385986
0.14964497089385986
0.019509680569171906
-0.0004963837563991547
-0.0035715103149414062
-0.0035715103149414062
0.13887739181518555
0.13887739181518555
0.14144527912139893
0.14144527912139893
-0.04549133777618408
-0.04549133777618408
0.15451496839523315
0.15451496839523315
0.009012706577777863
0.12258148193359375
0.12258148193359375
0.10886144638061523
0.10886144638061523
-0.1204066276550293
-0.1204066276550293
0.010306119918823242
0.010306119918823242
0.0122489333152771
0.0122489333152771
0.009012706577777863
0.13131171464920044
0.13131171464920044
0.13131171464920044
0.09481918811798096
0.09481918811798096
0.09481918811798096
0.04280102252960205
0.04280102252960205
0.09939688444137573
0.09939688444137573
-0.011545777320861816
0.14018601179122925
0.14018601179122925
0.14018601179122925
0.06724590063095093
0.06724590063095093
-0.08564615249633789
-0.08564615249633789
0.02653402090072632
0.02653402090072632
-0.03559088706970215
-0.011545771732926369
-0.03559088706970215
-0.109732985496521
-0.109732985496521
-0.109732985496521
0.2200608253479004
0.2200608253479004
0.716314435005188
0.01456009086809662
0.5242074006482175
0.2435056629933809
-0.011545771732926369
-0.06451452641110672
-0.08205844461917877
-0.08205844461917877
-0.045270539820194244
0.3466011583805084
-0.38920897088552775
-0.38920897088552775
-0.24103251099586487
0.40293036165990326
0.3847086257056186
-0.02457667514681816
0.4177323595473641
0.15212798275445638
0.16141590476036072
-0.02081737294793129
-0.02081737294793129
-0.3611784875392914
-0.3611784875392914
-0.454652339220047
-0.454652339220047
-0.16047906875610352
-0.024576671421527863
0.8395209312438965
0.8395209312438965
0.4341963529586792
0.4341963529586792
0.4341963529586792
0.3290433883666992
0.3290433883666992
0.3290433883666992
0.016790449619293213
0.06323492527008057
-0.022724784910678864
0.06323492527008057
0.06323492527008057
0.06323492527008057
0.10551583766937256
0.10551583766937256
0.10551583766937256
0.023450732231140137
0.023450732231140137
0.025470376014709473
0.025470376014709473
-0.022724784910678864
0.22013378143310547
0.22013378143310547
-0.5965171048515722
-0.5965171048515722
-0.4177354809484984
-0.4177354809484984
-0.12917345134835495
-0.12917345134835495
-0.08060427872758164
-0.08060427872758164
-0.026261359453201294
-0.0005664154887199402
-0.04277886940460456
-0.04277886940460456
0.05017113567967164
0.4134322079388719
0.43188677453681046
1.0510817840695381
1.0318979546427727
1.0318979546427727
0.9423957653343678
-0.04006031645756019
-0.026261359453201294
-0.04241762427907241
-0.05892949119994515
-0.05892949119994515
-0.08065899030158395
-0.08065899030158395
0.04211639612913132
0.04211641103029251
0.08561002463102341
0.08561000972986221
0.10223067551851273
-0.024177920073270798
0.10223067551851273
0.11555809527635574
-0.7606029028170987
-0.6951129624718114
-0.034638222895170545
-0.10209666623880992
0.31308141350746155
0.31308141350746155
-0.02582571655511856
-0.02582571655511856
-0.024177920073270798
-0.011376755312085152
-0.011376755312085152
-0.011376755312085152
0.022394739091396332
-0.00030261650681495667
-0.00030261650681495667
0.011870298534631729
0.011870298534631729
0.02162587270140648
0.02162587270140648
-0.028335193172097206
0.06413564831018448
0.06413564831018448
0.0436800941824913
0.0436800941824913
0.03928056359291077
0.039280571043491364
0.026727475225925446
0.0690392087164678
0.05633464259536643
0.6012262509841668
-0.028335193172097206
0.6223120124716508
0.052652603701541296
0.041355627343842856
0.041355627343842856
0.05348371283004158
0.05348371283004158
0.16906678127615077
0.05183951007692439
-0.0885113587504939
-0.13252563382449903
-0.031006596982479095
0.38278606063441223
0.4031446827085394
-0.5710554656229521
-0.528694682999661
0.16480372767699392
-0.031006596982479095
-0.030761253088712692
-0.030761253088712692
-0.02563430927693844
-0.0005664154887199402
-0.02563430927693844
-0.016767118126153946
-0.016767118126153946
-0.016767118126153946
0.04192892462015152
0.041928939521312714
0.07313129305839539
0.07313127815723419
0.08798924833536148
0.08798924833536148
-0.0005664154887199402
0.1111641451716423
0.1111641451716423
0.12620612978935242
0.12620612978935242
0.11319855600595474
0.11319855600595474
0.10421902686357498
0.10421902686357498
0.11129698902368546
0.11129698902368546
-0.0005664154887199402
0.034832023084163666
0.034832023084163666
0.018900178372859955
0.018900178372859955
0.006737507879734039
0.006737507879734039
-0.002865392714738846
-0.002865392714738846
-0.002865392714738846
-0.015207486227154732
-0.0005664154887199402
-0.015207486227154732
-0.020501017570495605
-0.020501017570495605
0.048919036984443665
0.04891904443502426
0.04891904443502426
0.05414056032896042
0.05414056032896042
0.050423748791217804
0.050423748791217804
0.01340450718998909
0.02213902771472931
0.02213902771472931
-0.00030137039721012115
0.008986614350425567
-0.03852584428693119
-0.03026991082649482
0.014929722406362228
-0.024756160221601792
-0.024756160221601792
-0.09267005010655052
0.01340450718998909
