-0.034664418548345566
-0.03161381930112839
-0.03453608602285385
-0.030223138630390167
-0.031269267201423645
-0.030180208384990692
-0.025127898901700974
-0.026342136785387993
-0.032125312834978104
-0.04596651718020439
-0.05254845693707466
-0.058004774153232574
-0.05980496481060982
-0.06423402577638626
-0.08969085663557053
-0.09498457610607147
-0.10991285741329193
-0.11935029923915863
-0.12348850071430206
-0.1677355170249939
-0.16633300483226776
-0.18127496540546417
-0.1858067661523819
-0.2090713530778885
-0.21297107636928558
-0.21075044570761697
-0.19786815342103994
-0.15320940307765096
-0.17121548942713827
-0.13951408757199213
-0.0808889333031512
-0.11822873985985285
-0.14112003033775344
-0.18278480208137995
-0.22844000046867385
-0.23663737510261085
-0.27018342798370376
-0.2998912024877075
-0.32566012228783475
-0.12044755686234232
-0.12371439700866349
-0.08802516121639781
-0.10647305207820479
-0.15868156513150722
-0.15787586678837817
-0.15902462710713428
-0.16972421964581996
-0.17285155614789516
-0.17361592611249477
-0.1706512506860116
-0.1643900584158806
0.006125926971435547
0.011240124702453613
0.02752518653869629
0.0525202751159668
0.07576805353164673
0.11352676153182983
-0.40981206824033195
-0.20032240978132637
-0.22040395438671112
-0.11216023564338684
-0.13253912329673767
-0.11492380499839783
-0.061465371400117874
-0.015059459023177624
0.00408245949074626
0.005735535174608231
-0.010201232507824898
-0.020419670268893242
-0.003629161510616541
0.012691469863057137
0.029070261865854263
0.04143528267741203
0.04142571985721588
0.03504990041255951
0.022239983081817627
0.015728751197457314
0.02091200090944767
0.027417905628681183
0.02883477509021759
0.041041161864995956
0.029025599360466003
0.013654042035341263
-0.004302795045077801
-0.021100783720612526
-0.031660500913858414
-0.025062406435608864
-0.02218937687575817
-0.019145971164107323
-0.016765132546424866
-0.04575420916080475
-0.05934450030326843
-0.017568908568135033
-0.036288194294682274
-0.05533969395946575
-0.09026543045433585
-0.12712118772264985
-0.13104519990679292
0.7106321145438091
0.6884996805849498
0.6061209578337761
0.5297387603861472
0.4759542111498496
0.5296383861643454
-0.23071271181106567
-0.18019618093967438
-0.13635480403900146
-0.11101344226995
0.602967983812242
-0.17028668522834778
-0.20267267525196075
-0.24345286190509796
-0.29610905051231384
0.5172909200191498
0.3026132583618164
0.10799860954284668
0.02440929412841797
0.014779150485992432
0.01862013339996338
0.03296881914138794
0.08543938398361206
0.18961340188980103
0.3653050661087036
0.54606893658638
0.6187845766544342
0.6516332626342773
0.6911051273345947
0.6352645679432927
0.10930445264132088
-0.15506472434594676
-0.17437285183268564
-0.14322353896295584
-0.12806774671071108
-0.06779311590980602
-0.1265209242144448
-0.13071712845157696
-0.14312966158376803
0.3799416316816353
0.7428340315818787
0.5931767821311951
0.47723424434661865
0.2544439435005188
0.3122107982635498
0.49607300758361816
0.5393960475921631
0.4914478063583374
0.5025953948497772
0.5460119247436523
0.13400879178324543
-0.374977171421051
-0.2763042672911507
-0.25387918195314985
0.02430416962816445
0.04124401828958718
0.5897537767887115
0.5604271292686462
0.5398073196411133
0.5321308374404907
0.5904560685157776
0.6017161309719086
0.5862867981036284
0.6359606534083464
-0.2910674214363098
-0.20052464306354523
-0.17302115261554718
-0.15566587448120117
-0.16021405160427094
-0.1366434246301651
-0.09843303263187408
-0.054410554468631744
-0.011629719287157059
0.04484473168849945
0.10229288786649704
0.30481863021850586
0.5383844515149288
0.5067642012244779
0.2585107706582451
-0.10159772634506226
-0.05348515510559082
-0.027361035346984863
-0.025539100170135498
-0.02785426378250122
-0.03582894802093506
-0.035535335540771484
-0.04782038927078247
-0.04825800657272339
-0.0412021279335022
-0.03236854076385498
-0.029807686805725098
-0.030641913414001465
-0.026171445846557617
-0.026682734489440918
-0.026682734489440918
-0.03223639726638794
-0.03223639726638794
0.2769830537099923
0.9686546325683594
0.961958110332489
0.961958110332489
0.953657329082489
0.953657329082489
0.9701322913169861
0.9701322913169861
0.9783769017005566
0.5766617614680055
0.1626627148789388
-0.008240938186645508
-0.004865527153015137
-0.004195868968963623
-0.01047670841217041
-0.01710057258605957
-0.03011929988861084
-0.06470316648483276
-0.18091362714767456
-0.5043980181217194
-0.9839953985065222
0.01600460149347782
-0.19238381824083906
0.5254402458667755
0.30357497930526733
0.16884589195251465
0.09774243831634521
0.09816402196884155
0.0936269760131836
0.10094892978668213
0.06073969602584839
0.04801654815673828
0.0388798713684082
0.02114027738571167
0.009276807308197021
0.004113972187042236
0.0012790560722351074
0.0008249282836914062
0.0006924271583557129
0.0008993148803710938
0.0013632774353027344
0.0004646778106689453
0.00024086236953735352
0.00013303756713867188
0.0001665353775024414
0.00031834840774536133
0.0005347728729248047
0.000344693660736084
0.0008032917976379395
0.0020772814750671387
0.004652440547943115
0.007666945457458496
0.012792408466339111
0.017594218254089355
0.036129117012023926
0.07365274429321289
0.14138031005859375
0.3243545889854431
0.5379846096038818
0.7200396060943604
0.5042579599902901
0.09744990831161143
-0.1571957916021347
-0.05860072746872902
-0.017782792448997498
0.027516283094882965
-0.011560479179024696
