-0.01713702641427517
-0.017741676419973373
-0.014912881888449192
-0.013377165421843529
-0.012890675105154514
-0.004757546819746494
-0.009317072108387947
-0.0010243277065455914
0.0014382589142769575
0.012056432664394379
0.015592684037983418
0.0021793320775032043
-0.009588985703885555
-0.025004416704177856
-0.03195558860898018
-0.0434863455593586
-0.053690679371356964
-0.058231040835380554
-0.05422591418027878
-0.06598325073719025
-0.07028307020664215
-0.061994366347789764
-0.07836379110813141
-0.0959102138876915
-0.09729968756437302
-0.08790968356925029
-0.0723429172912792
-0.025338485757399512
-0.03131652615456672
0.022395768330202848
0.09143237882634633
0.09533643835565084
0.09078942353111252
0.0308901902415418
-0.057122065478744655
-0.11495887373504188
-0.1531394559683229
-0.19729304198241268
-0.18241737569626676
-0.003326158413398228
-0.037499854619747475
0.003490677883486226
-0.11883052545161787
-0.17480813821729213
-0.16926524152134936
-0.16773113717412036
-0.17873811086591274
-0.17893158754285365
-0.1768768962281564
-0.1718695696252206
-0.16174420823430102
0.012289226055145264
0.018118739128112793
0.012446284294128418
0.015909910202026367
0.023099064826965332
0.03164041042327881
-0.513111924426245
-0.34121181598555
-0.46830010414123535
-0.29583272337913513
-0.07695122808218002
-0.049888983368873596
-0.038608115166425705
-0.029474593698978424
-0.028623484075069427
-0.027759376913309097
-0.02181050181388855
0.00403919443488121
0.025826014578342438
0.02986379712820053
0.024802574887871742
0.0036325291730463505
-0.012950198724865913
0.021651333197951317
0.04582361504435539
0.06406085193157196
0.06205998361110687
0.02806684747338295
-0.008687356486916542
-0.005894903559237719
-0.010231191292405128
-0.017022762447595596
-0.006728322710841894
0.017099924385547638
0.0050780437886714935
-0.011541757732629776
-0.02756119892001152
-0.03480735048651695
-0.0851883739233017
-0.09858761727809906
-0.10557755082845688
-0.023114778037777672
-0.0397874786813171
-0.03899991505931927
-0.06322707230242317
-0.0991379245876935
-0.1087872609257367
0.6876147527836697
0.6045482818546718
0.3843542624535652
0.03874713817659825
-0.01363705953534633
0.18999994436327428
-0.4027366638183594
-0.31003859639167786
-0.28613871335983276
-0.2292031571189452
0.5366598132552199
-0.2245122492313385
-0.29039260745048523
-0.4471421539783478
-0.6715320944786072
0.18529284000396729
0.05557948350906372
0.00589752197265625
0.0009891986846923828
0.0007531642913818359
0.0007688999176025391
0.0005096197128295898
0.0005713701248168945
0.0012713074684143066
0.00325775146484375
0.01718229055404663
0.07974988222122192
0.2131240963935852
0.5187455713748932
0.5464867874104558
0.035573417647195515
-0.20214853431775615
-0.1824160516102888
-0.06982366737520254
-0.09853337700360353
-0.11050344997238232
-0.13691695773991172
-0.12299008661102367
-0.13865776350484957
0.24586609435768358
0.532786637544632
0.16957396268844604
0.003569364547729492
0.00014472007751464844
0.00012475252151489258
0.0002308487892150879
0.0016772150993347168
0.007775247097015381
0.07106918096542358
0.2992674708366394
0.03758367572108112
-0.44561001658439636
-0.3376335128584725
-0.25060098609514814
0.1332585992546293
0.12655888817026345
0.6882523596286774
0.6410090625286102
0.567748636007309
0.5294241905212402
0.573597639799118
0.6445984840393066
0.6975047141154387
0.7121472805579283
-0.2779223322868347
-0.2828424274921417
-0.2786882519721985
-0.31526419520378113
-0.33587202429771423
-0.3055413067340851
-0.32945480942726135
-0.3061690628528595
-0.23091042041778564
-0.1547575742006302
-0.06602274626493454
0.01853090152144432
0.09211669767543591
0.12095090538326078
0.037425401071300546
-0.2140483260154724
-0.12303155660629272
-0.07673275470733643
-0.08954113721847534
-0.10670739412307739
-0.13972944021224976
-0.18021398782730103
-0.25997161865234375
-0.3381280303001404
-0.4143728017807007
-0.3762701749801636
-0.3195412755012512
-0.2216399908065796
-0.12084144353866577
-0.16953182220458984
-0.16953182220458984
-0.15337949991226196
-0.15337949991226196
0.15306207659436122
0.8614219427108765
0.8609215021133423
0.8609215021133423
0.8051692843437195
0.8051692843437195
0.7590810060501099
0.7590810060501099
0.9323172336364391
0.5306020934038881
0.03981211797418416
-0.13109153509140015
-0.01434403657913208
-0.0030628442764282227
-0.008294165134429932
-0.017343521118164062
-0.03176993131637573
-0.06104618310928345
-0.21027851104736328
-0.4154645800590515
-0.9014945179224014
0.09850548207759857
-0.23667743048258405
0.44208794832229614
0.3181515336036682
0.2107255458831787
0.12748241424560547
0.1457168459892273
0.16832393407821655
0.24281108379364014
0.14033997058868408
0.02877521514892578
0.0032100677490234375
0.00109022855758667
0.0012837648391723633
0.0027818679809570312
0.0005288124084472656
5.781650543212891e-06
1.1920928955078125e-07
1.6808509826660156e-05
0.00021922588348388672
2.1278858184814453e-05
2.9802322387695312e-06
2.3245811462402344e-06
1.0728836059570312e-06
1.0728836059570312e-06
1.4901161193847656e-06
6.794929504394531e-06
0.00018155574798583984
0.0012590885162353516
0.0020511746406555176
0.0023105740547180176
0.00389254093170166
0.007798671722412109
0.03800082206726074
0.08699870109558105
0.1647934913635254
0.22506362199783325
0.3375846743583679
0.4560126066207886
0.3087170102880272
-0.007995953504794817
-0.15812772512435913
-0.10559242218732834
-0.019050586968660355
0.07221713662147522
0.0263799000531435
