-0.06942769885063169
-0.12476286292076108
-0.025691661395524645
-0.101556542672609
-0.12469643668124547
-0.12469643668124547
-0.1516225667376267
-0.1516225667376267
-0.23023069218585362
-0.23023069218585362
0.02635306306183338
-0.13115949066061722
-0.1836554219848231
-0.1836554219848231
-0.19962183739009653
-0.19962183739009653
-0.1667845374659488
-0.1667845374659488
-0.23901816418296407
-0.23901816418296407
-0.09157948117507131
0.02635306306183338
-0.09157948117507131
0.05433666078667887
0.06259259424711527
-0.028657408137070517
-0.028657408137070517
-0.05654522933458028
-0.08131302971588938
-0.04213406223999827
-0.058645988765515744
-0.05191269046381897
0.030393363907933235
-0.05191269046381897
0.031061206993303836
0.06845661527232116
0.06845661527232116
0.07935784365001475
0.029822242887396544
0.06699968639173004
0.05048781947085734
0.05048781947085734
0.07814096777062662
0.030393363907933235
0.07814096777062662
0.04103066105591624
0.055281654784553935
0.04702572132411753
0.01795892025295054
0.026214853713386943
0.029216126391762187
0.020960192931325783
0.03222952390971934
0.048741390830592035
0.02384311892092228
0.05800145864486694
0.05800145864486694
0.09898620216470011
0.09898620216470011
0.09413480131249674
0.09413480131249674
0.08154969780068644
0.08154975740533121
0.06102412311654337
0.061024063511898596
0.02384311892092228
0.04007279245476969
0.04007279245476969
0.05660688249688395
0.05660688249688395
0.0206247066196642
-0.13623802912862681
-0.13623802912862681
-0.10682409060628795
-0.09494750750692271
-0.08669157404648631
0.02318361960351467
-0.11367626566635936
-0.11367626566635936
-0.11630626101242869
-0.042002859868501385
-0.08293158129641887
-0.08293158129641887
-0.0954335363287675
-0.0954335363287675
-0.11047035769412394
-0.11047035769412394
0.02318361960351467
0.046349070574107865
0.046349070574107865
0.04371806194907735
0.04371806194907735
0.10738252652318858
0.10738252652318858
0.095012765181692
0.095012765181692
0.008785363874937335
0.008785363874937335
0.02150632254779339
0.018352853624444276
0.018352853624444276
0.018352853624444276
0.02629543605603668
0.031956148775000304
0.031956148775000304
0.031956148775000304
-0.03625380051763438
-0.03625380051763438
-0.046677802738390506
0.02766864188015461
0.01050109975039959
-0.046677802738390506
-0.08616943108408082
-0.08616943108408082
-0.07818038212625611
-0.0699244486658197
-0.07403710955067688
-0.08229304301111329
-0.08392793881265748
-0.07567200535222107
-0.0827784287302118
0.02766864188015461
-0.07452249526977539
-0.06490176916122437
0.017657565443139345
0.008358465997796327
0.04138219983954172
0.0073078337468598376
0.04858756065368652
0.08196908235549927
0.08196908235549927
0.08196908235549927
0.03233083710074425
0.07068920135498047
0.07068920135498047
0.10647523403167725
0.09821930057124084
0.17888894206599182
0.17888894206599182
0.2202461016805548
0.1459427005366275
0.18172831598081085
0.024865580232519835
0.03233083710074425
0.23533312741078827
-0.6913954599907524
-0.6913954599907524
-1.1180675402283669
-1.1180675402283669
-0.6116974949836731
-0.6116974949836731
-0.44666457176208496
-0.15770690064681203
-0.308448746016151
0.03232067450881004
0.35202599356048986
0.35202599356048986
-0.24150036667522634
-0.24150036667522634
-1.1733959521117963
-1.1733959670129575
-0.18990783393383026
0.42407283186912537
0.42407283186912537
0.5000685453414917
0.03232067450881004
0.5000685453414917
0.4740581575192903
0.4740581575192903
-0.5249098539352417
-0.2824366092681885
-0.2824366092681885
-0.1488444209098816
0.7923320563215959
1.0334976346869218
0.10057709091588074
0.03232067450881004
0.06536385887547547
0.05710792541503906
0.026200175285339355
0.026200175285339355
0.14714670181274414
0.14714670181274414
0.14847564697265625
0.14847564697265625
0.21767795085906982
0.21767795085906982
0.02930801920592785
0.18342328071594238
0.18342328071594238
0.16392946243286133
0.16392946243286133
0.16392946243286133
0.061449408531188965
0.061449408531188965
-0.26943445205688477
-0.26943445205688477
0.192897821727552
0.02930801920592785
-0.06546229594632191
1.4722054302692413
1.0203733053058386
1.0203733053058386
0.8351787626743317
0.8351787626743317
0.5101628005504608
0.15730923414230347
0.15730923414230347
0.18917495012283325
0.03129279240965843
0.18917495012283325
0.22666364908218384
0.22666364908218384
0.3018035888671875
0.3018035888671875
0.2526640295982361
0.2526640295982361
0.2526640295982361
0.05819106101989746
0.05819106101989746
0.03129279240965843
0.01050109975039959
0.03943276405334473
0.03943276405334473
0.10414731502532959
0.10414731502532959
0.2018328309059143
0.2018328309059143
0.20409142971038818
0.20409142971038818
-0.11390697956085205
-0.11390697956085205
0.027374470606446266
-0.03722691535949707
-0.03722691535949707
-0.10014939308166504
-0.10014939308166504
0.04658389091491699
0.04658389091491699
-0.019884705543518066
-0.019884705543518066
0.12018716335296631
0.12018716335296631
0.027374470606446266
0.22603237628936768
0.22603237628936768
0.22603237628936768
0.30602169036865234
0.30602169036865234
0.30602169036865234
0.35931867361068726
0.35931867361068726
0.37934017181396484
0.37934017181396484
0.02768074907362461
0.41589272022247314
0.4158927798271179
0.4158927798271179
0.3575030565261841
0.3575030565261841
0.22667723894119263
0.22667723894119263
0.07287406921386719
0.07287406921386719
-0.13438212871551514
0.027680734172463417
-0.13438212871551514
-0.16649436950683594
-0.16649436950683594
-0.16649436950683594
0.053092002868652344
0.053092002868652344
0.35380715131759644
-0.34794719281949493
-0.03030745449819061
-0.3110091921530272
0.027680734172463417
0.050256664619634024
0.032712746411561966
0.032712746411561966
0.1454007476568222
0.6230964660644531
-0.11271366320158305
-0.11271366320158305
0.18332147598266602
0.8272843486384341
0.9421739703730533
0.02350529469549656
0.9751977042147988
0.7847519234607094
0.7940398454666138
0.479788601398468
0.479788601398468
-0.06660772860050201
-0.06660772860050201
-0.18942606449127197
-0.18942606449127197
-0.435712605714798
0.02350529469549656
0.564287394285202
0.564287394285202
0.3246208429336548
0.3246208429336548
0.3246208429336548
0.1015784740447998
0.1015784740447998
0.1015784740447998
0.0932304859161377
0.08456313610076904
0.015558706596493721
0.08456313610076904
0.08456313610076904
0.08456313610076904
0.08687269687652588
0.08687269687652588
0.08687269687652588
-0.002451658248901367
-0.002451658248901367
0.18499338626861572
0.18499338626861572
0.015558706596493721
0.3547447919845581
0.3547447919845581
-0.41324265693363393
-0.41324265693363393
-0.30545171467881455
-0.30545171467881455
-0.20191059379201187
-0.20191059379201187
-0.0714432832441832
-0.0714432832441832
0.011965515092015266
0.01050109975039959
-0.030890156760027536
-0.030890156760027536
-0.021314745082667
0.3419463271765333
0.339958512273274
0.9591535218060017
0.9640477895736694
0.9640477895736694
0.9522441178560257
-0.030211963935902246
0.011965515092015266
-0.016676047130634912
-0.03318791405150765
-0.03318791405150765
-0.015527495526169478
-0.015527495526169478
0.08685391396284103
0.08685390651226044
0.1919371634721756
0.1919371783733368
0.2571704685688019
0.008506281301379204
0.2571704685688019
0.21202321350574493
-0.6641377845877096
-0.6403129438036367
0.0201617957730042
-0.003804516635443067
0.300621896982193
0.300621896982193
0.14032360911369324
0.14032360911369324
0.008506281301379204
0.059313829988241196
0.059313829988241196
0.059313829988241196
0.019131572917103767
0.008544491603970528
0.008544491603970528
0.002459994051605463
0.002459994051605463
0.007967295125126839
0.007967295125126839
0.009804042056202888
0.011839540675282478
0.011839540675282478
0.0194671843200922
0.0194671843200922
0.02002028562128544
0.02002027817070484
0.00357239181175828
0.04588411040113945
0.03019674112530131
0.5750883495141017
0.009804042056202888
0.5565321234692084
-0.013127285300901063
-0.023527068331053384
-0.023527068331053384
0.061854432680104904
0.061854432680104904
0.1774375011262141
0.11956242668001277
-0.020788442147405523
-0.07211777175727643
0.006035166326910257
0.5990963531167883
0.492764706674375
-0.48143544165711655
-0.6011719640932585
0.0923264465833965
0.006035166326910257
0.003968725446611643
0.003968725446611643
0.00967932678759098
0.01050109975039959
0.00967932678759098
0.010610578581690788
0.010610578581690788
0.010610578581690788
0.013846265152096748
0.01384626142680645
0.013413714244961739
0.013413714244961739
0.014541806653141975
0.014541806653141975
0.01050109975039959
0.013280777260661125
0.013280777260661125
0.022884143516421318
0.022884143516421318
0.031446050852537155
0.031446050852537155
0.03391006961464882
0.03391006961464882
0.03514524921774864
0.03514524921774864
0.01050109975039959
0.03335217759013176
0.03335217759013176
0.014130989089608192
0.014130989089608192
0.0039387294091284275
0.0039387294091284275
0.0019100704230368137
0.0019100704230368137
0.0019100704230368137
-0.0066617331467568874
0.01050109975039959
-0.0066617331467568874
-0.011198451742529869
-0.011198451742529869
-0.019244613125920296
-0.01924462802708149
-0.01924462802708149
-0.030114518478512764
-0.030114518478512764
-0.04180509224534035
-0.04180509224534035
0.019142771139740944
-0.04984050989151001
-0.04984050989151001
-0.06496251374483109
-0.0556745289971954
-0.09287736408020321
-0.08462143061976685
-0.04035345896294243
-0.10294085427334435
-0.10294085427334435
-0.16849890037586815
0.019142771139740944
