-0.2601771056652069
-0.4575579762458801
-0.35848677472064366
-0.5271229775328385
-0.40353709773013463
-0.40353709773013463
-0.35579496935794225
-0.35579496935794225
-0.39749187544772496
-0.39749187544772496
-0.01021618489176035
-0.29842067392248856
-0.244149248850973
-0.244149248850973
-0.38388059641185557
-0.38388059641185557
-0.37737454238690826
-0.37737454238690826
-0.020411215330425003
-0.020411215330425003
0.5292724527810749
-0.01021618489176035
0.5292724527810749
0.6800969627342726
0.688352896194709
-0.05802157678102193
-0.05802157678102193
0.014619557481063028
-0.010148242900246074
-0.0673301376794514
-0.08384218341425842
-0.10309138423518127
-0.009514669887721539
-0.10309138423518127
-0.07338335639552063
-0.10643104189320618
-0.10643104189320618
0.2983380367881373
0.2488024360255191
0.3577976054266879
0.34128573850581523
0.34128573850581523
0.3718325432978178
-0.009514669887721539
0.3718325432978178
0.22031430978524058
0.08032472510086863
0.07206879164043223
-0.08588798736271108
-0.07763205390227468
-0.23818342309249074
-0.24643935655292715
-0.28366162275013174
-0.26714975582925904
-0.01090864185243845
-0.08750647306442261
-0.08750647306442261
-0.004649645403811853
-0.004649645403811853
-0.027987248019168298
-0.027987248019168298
0.11774831382851847
0.11774831382851847
0.4396398600779081
0.4396398600779081
-0.01090864185243845
0.36557357875924357
0.36557357875924357
0.49197108416180857
0.49197108416180857
0.4784280453857622
0.3215653096374712
0.3215653096374712
0.27904550182191945
0.09601728069154836
0.10427321415198476
-0.01264138426631689
-0.22586543936478465
-0.22586543936478465
-0.04820652384507029
0.026096877298857013
0.12561189814617757
0.12561189814617757
0.24846425338795308
0.24846425338795308
0.03797965928127889
0.03797965928127889
-0.01264138426631689
0.2523440342200429
0.2523440342200429
0.1030671220076711
0.1030671220076711
-0.03984875428049184
-0.03984875428049184
0.08199105764690195
0.08199105764690195
0.018663880072141925
0.018663880072141925
-0.011967862024903297
0.09404723581514862
0.09404723581514862
0.09404723581514862
0.048779202134985655
0.20754743877210113
0.20754743877210113
0.20754743877210113
-0.16366963637502574
-0.16366963637502574
-0.22169772261067444
-0.011694103479385376
-0.015644652768969536
-0.22169772261067444
-0.004673669212742926
-0.004673669212742926
-0.11621780144540894
-0.10796186798497254
-0.12720051878377014
-0.13545645224420655
0.030848910934046625
0.03910484439448303
-0.24286744469090515
-0.011694103479385376
-0.23461151123046875
-0.2628788352012634
-0.18031950059689972
0.023823010294060976
0.05684674413580637
-0.08859854309182424
-0.047318875789642334
-0.02438056468963623
-0.02438056468963623
-0.02438056468963623
-0.010725556872785091
-0.07050162553787231
-0.07050162553787231
-0.08903002738952637
-0.09728596084996277
0.027202154460706174
0.027202154460706174
0.12354799634531921
0.049244595201391905
0.06389732423581573
-0.09296541151247528
-0.010725556872785091
0.38962299886502716
-0.5371055885365135
-0.5371055885365135
-1.1519904136657715
-1.1519904136657715
-0.9934056750498712
-0.9934056750498712
-0.8970708176493645
-0.6081131465340915
-0.5700815610195461
-0.013801944442093372
0.09039317855709478
0.09039317855709478
-0.5673352514491662
-0.5673352439985856
-1.2407696451011456
-1.2407696451011456
-0.25728151202201843
0.05030949413776398
0.05030949413776398
0.09836529940366745
-0.013801944442093372
0.09836529940366745
-0.030602387397697096
-0.030602387397697096
-1.0295703988522291
-0.5016577839851379
-0.5016577839851379
-0.13493269681930542
0.806243780412172
0.9410651953596818
0.00814465158864075
-0.013801944442093372
0.008199428257189334
-5.650520324707031e-05
-5.900859832763672e-06
-5.900859832763672e-06
-0.00013321638107299805
-0.00013321638107299805
-0.0001907944679260254
-0.0001907944679260254
-0.000611722469329834
-0.000611722469329834
-0.013483640737831593
-0.0011071562767028809
-0.0011071562767028809
-0.0003738999366760254
-0.0003738999366760254
-0.0003738999366760254
-0.02360701560974121
-0.02360701560974121
-0.6313313841819763
-0.6313313841819763
-0.16899911039753956
-0.013483640737831593
-0.037998770412645766
1.4996689558029175
0.9955403567291796
0.9955403567291796
1.215987503528595
1.215987503528595
0.9747880566865206
0.7557331621646881
0.7557331621646881
0.054318904876708984
-0.018567649647593498
0.054318904876708984
0.01363283395767212
0.01363283395767212
0.00933605432510376
0.00933605432510376
0.11779159307479858
0.11779159307479858
0.11779159307479858
3.981590270996094e-05
3.981590270996094e-05
-0.018567649647593498
-0.015644652768969536
1.0728836059570312e-06
1.0728836059570312e-06
0.0009613633155822754
0.0009613633155822754
6.449222564697266e-05
6.449222564697266e-05
6.079673767089844e-06
6.079673767089844e-06
2.682209014892578e-06
2.682209014892578e-06
-0.01615462824702263
0.00013715028762817383
0.00013715028762817383
0.0005551576614379883
0.0005551576614379883
0.007167696952819824
0.007167696952819824
0.0010036826133728027
0.0010036826133728027
0.00019550323486328125
0.00019550323486328125
-0.01615462824702263
0.0008737444877624512
0.0008737444877624512
0.0008737444877624512
0.00023823976516723633
0.00023823976516723633
0.00023823976516723633
0.007991373538970947
0.007991373538970947
0.007737994194030762
0.007737994194030762
-0.016226330772042274
0.0008062124252319336
0.0008062124252319336
0.0008062124252319336
0.0010733604431152344
0.0010733604431152344
0.003374636173248291
0.003374636173248291
0.0006999373435974121
0.0006999373435974121
0.00019031763076782227
-0.016226330772042274
0.00019031763076782227
0.000653386116027832
0.000653386116027832
0.000653386116027832
0.0330805778503418
0.0330805778503418
0.5563393533229828
-0.14541499081410858
0.24382065844378975
-0.03688107921104682
-0.016226330772042274
-0.01180820843498958
-0.029352126643061638
-0.029352126643061638
-0.020288756117224693
0.2621173858642578
-0.47369274340177836
-0.47369274340177836
-0.24603578448295593
0.3979270881728122
0.41957653823651764
-0.014213575050234795
0.45260024227594076
0.06507430382465061
0.07436222583055496
-0.01528169121593237
-0.01528169121593237
-0.12882697582244873
-0.12882697582244873
-0.26857244968414307
-0.26857244968414307
-0.0903976634144783
-0.01421357225626707
0.9096023365855217
0.9096023365855217
0.6263256669044495
0.6263256669044495
0.6263256669044495
0.011816799640655518
0.011816799640655518
0.011816799640655518
0.004128754138946533
0.09207028150558472
-0.02499389462172985
0.09207028150558472
0.09207028150558472
0.09207028150558472
0.07673180103302002
0.07673180103302002
0.07673180103302002
0.009127914905548096
0.009127914905548096
0.01831108331680298
0.01831108331680298
-0.02499389462172985
0.0632483959197998
0.0632483959197998
-0.6843306014412328
-0.6843306014412328
-0.47668563692193283
-0.47668563692193283
-0.029531714751532205
-0.029531714751532205
0.011311352473536603
0.011311352473536603
-0.025358449667692184
-0.015656057745218277
0.025924063973913065
0.025924063973913065
-0.08145937441210999
0.2818016978470903
0.30408551269455963
0.9232805222272873
0.9426230005919933
0.9426230005919933
0.9377304911613464
-0.044725590630581506
-0.025358449667692184
0.018058037955166868
0.0015461710342941288
0.0015461710342941288
-0.009223149501179397
-0.009223149501179397
-0.0018863766454160213
-0.0018863766454160213
-0.00684393523260951
-0.0068439338356256485
0.0032143795397132635
-0.018773609772324562
0.0032143795397132635
0.005681697279214859
-0.8704793008142396
-0.8420065121823236
-0.1815317726056827
-0.18101308553626666
0.01643150858581066
0.01643150858581066
-0.006009828764945269
-0.006009828764945269
-0.018773609772324562
-0.014292603358626366
-0.014292603358626366
-0.014292603358626366
-0.017122143879532814
-0.003329450963065028
-0.003329450963065028
0.025464847683906555
0.025464847683906555
0.004600232932716608
0.004600232932716608
-0.009896507486701012
-0.0026999725960195065
-0.0026999725960195065
0.002756470814347267
0.002756470814347267
0.014821224845945835
0.014821224845945835
0.008976973593235016
0.05128868938864846
0.07433312562735457
0.619224734016155
-0.009896507486701012
0.6025128479752886
0.03285343920517909
0.024676828400084845
0.024676828400084845
0.0867211961824643
0.0867211961824643
0.20230426462857348
0.07447078275053126
-0.06588008607688703
-0.02847516889634885
-0.011326480656862259
0.06249466067866272
0.16280725127772278
-0.8113928970537687
-0.4040121671400572
0.2894862435365978
-0.011326480656862259
-0.003334679873660207
-0.003334679873660207
0.0033407476730644703
-0.015656057745218277
0.0033407476730644703
0.009542962536215782
0.009542962536215782
0.009542962536215782
-0.00358944502659142
-0.0035894475877285004
-0.003448811126872897
-0.0034488122910261154
-0.007157258223742247
-0.007157258223742247
-0.015656057745218277
-0.005614420864731073
-0.005614420864731073
-0.005024411249905825
-0.005024411249905825
0.0018057279521599412
0.0018057279521599412
0.0008230635430663824
0.0008230635430663824
-0.002830658806487918
-0.002830658806487918
-0.015656057745218277
-0.0019027566304430366
-0.0019027566304430366
-0.010994994081556797
-0.010994994081556797
-0.0069583565928041935
-0.0069583565928041935
0.003671865677461028
0.003671865677461028
0.003671865677461028
0.02057536505162716
-0.015656057745218277
0.02057536505162716
0.03039563074707985
0.03039563074707985
0.010163185186684132
0.010163185186684132
0.010163185186684132
0.007952222600579262
0.007952222600579262
0.009699328802525997
0.009699328802525997
-0.014090046286582947
0.006413384340703487
0.006413384340703487
-0.021013015881180763
-0.011725031133545075
0.004964389544176426
0.013220323004612795
0.06645958439299934
-0.021832090459371872
-0.021832090459371872
-0.3592483071904433
-0.014090046286582947
