-0.011216878890991211
-0.01124534010887146
-0.012418299913406372
-0.010975360870361328
-0.011639803647994995
-0.010991781949996948
-0.014523237943649292
-0.014401495456695557
-0.01242569088935852
-0.025137364864349365
-0.013620644807815552
-0.01354709267616272
-0.00832107663154602
-0.002097994089126587
0.008611291646957397
0.0003256797790527344
0.009800940752029419
0.016973644495010376
0.012795120477676392
0.02879902720451355
0.02924683690071106
0.02826187014579773
0.024359673261642456
0.023420393466949463
-0.0024451613426208496
0.03352637590569478
0.028377115758304233
0.07322980471463113
0.04682473846287637
0.09402439104090765
0.10513495766898626
0.183066838619914
0.21959732586723313
0.18241664135238164
0.16267986709457383
0.19319079185905907
0.12288232261520371
0.04795980568909611
-0.41362578953560697
-0.30291984547089335
-0.20901472335601456
0.07961820702777334
-0.07167067485423628
0.009360200558342635
-0.05124876012181323
0.0758920002999397
-0.060015195216498674
-0.052579634990058244
-0.07531546911176235
-0.11777996381696254
-0.11196789254521411
0.05894148349761963
0.05541121959686279
0.05407869815826416
0.04621124267578125
0.04907834529876709
0.05342662334442139
0.18250607918055123
0.4359577394400939
0.05287429690361023
0.011476665735244751
0.010812163352966309
0.020585983991622925
0.02361476421356201
0.028653115034103394
0.03913256525993347
0.020599722862243652
0.026467233896255493
0.035101622343063354
0.030165493488311768
0.007455497980117798
0.02228248119354248
0.05064716935157776
0.028854697942733765
0.014615446329116821
0.019708961248397827
0.02503681182861328
0.02095329761505127
0.016071051359176636
0.009727448225021362
-0.01344260573387146
-0.02013537287712097
-0.01558983325958252
-0.028705447912216187
-0.013649731874465942
0.006399303674697876
-0.02679857611656189
-0.04589968919754028
-0.025380820035934448
-0.06440207362174988
-0.0221690833568573
-0.016052544116973877
0.06390240794826435
0.0724111200015633
0.05938360101390766
0.05530608450976785
0.021586217010054316
-0.12598349896666078
0.623420475854768
0.7260472540321773
0.7128336716713997
0.5803510014158866
0.03344190755907506
0.07571054140154332
-0.17627231776714325
-0.05131527781486511
-0.0182991623878479
-0.02159643917480001
0.6157832208575301
-0.2727322578430176
-0.04935300350189209
-0.16016831994056702
-0.12819547951221466
0.9152328968048096
0.4310184121131897
0.13844001293182373
0.11821377277374268
0.45119738578796387
0.4432982802391052
0.4376159906387329
0.5751136541366577
0.5483336746692657
0.22956717014312744
0.2980511784553528
0.5927650332450867
0.8632211536169052
0.3938835859298706
0.8593640550095616
0.24950307081492012
-0.008723474999213672
-0.02947832642394084
0.037976563008670444
-0.1692390888451868
0.05208179361034321
0.08462531125155862
0.06799176341701435
0.1321652532578839
0.28649497462005846
0.45317959785461426
0.43712854385375977
0.5187418460845947
0.49258100986480713
0.5148630738258362
0.506851851940155
0.5106549859046936
0.4302670955657959
0.43824565410614014
0.5178216993808746
0.0809264448670467
-0.37998083233833313
-0.3600004538336617
-0.2839631362874089
0.05975257179453103
0.11648111364557473
0.4761562943458557
0.505180686712265
0.44965583086013794
0.47391217947006226
0.4066721200942993
0.5137327313423157
0.7120615988810637
0.9434340149005034
-0.09392860531806946
-0.07794705033302307
-0.17804613709449768
-0.051555484533309937
-0.021265625953674316
-0.009602904319763184
0.025447219610214233
0.02691754698753357
0.024132072925567627
0.03244653344154358
0.08524072170257568
0.0838618278503418
0.14768479669734752
0.08483731538120085
-0.21932360305429455
-0.5500118434429169
-0.33451056480407715
-0.3890848159790039
-0.5958392322063446
-0.3023430109024048
-0.24966371059417725
-0.6608773171901703
-0.8004717528820038
-0.7666511833667755
-0.770507425069809
-0.8860619962215424
-0.902055412530899
-0.8544409573078156
-0.707880049943924
-0.7698903381824493
-0.7698903977870941
-0.8068846762180328
-0.8068846762180328
-0.4427950966100608
0.28538909554481506
0.20903798937797546
0.20903798937797546
0.3977748453617096
0.3977748453617096
0.27844807505607605
0.27844807505607605
0.6955896383071545
0.2938744980746034
-0.07878246887502849
-0.2496861219406128
-0.22839665412902832
-0.10182821750640869
-0.1761995553970337
-0.1820763349533081
-0.16643249988555908
-0.16291654109954834
-0.15052497386932373
-0.36210763454437256
-0.4494072198867798
0.5505927801132202
0.28148291268758197
0.8701179325580597
0.31009113788604736
0.20382088422775269
0.16422736644744873
0.08685529232025146
0.06492531299591064
0.042811036109924316
0.0448535680770874
0.05112957954406738
0.07129311561584473
0.043066978454589844
0.04265129566192627
0.044031381607055664
0.05207705497741699
0.05151557922363281
0.06638216972351074
0.06831872463226318
0.07129931449890137
0.07444107532501221
0.07020843029022217
0.07010841369628906
0.06523489952087402
0.060497283935546875
0.05712532997131348
0.05735325813293457
0.05727434158325195
0.04672646522521973
0.041994452476501465
0.0382460355758667
0.03684341907501221
0.040462493896484375
0.04876887798309326
0.09257173538208008
0.37322938442230225
0.9501954019069672
0.8812223076820374
0.6386103928089142
0.047124622134951055
0.28170631294990184
0.005853146314620972
0.010294407606124878
0.00884297490119934
0.01643255352973938
0.0005348324775695801
