0.32541969418525696
0.31258320808410645
0.34405630826950073
0.2988544702529907
0.3163774907588959
0.30659911036491394
0.3104042112827301
0.27581605315208435
0.2681678533554077
0.17871645092964172
0.25134608149528503
0.2909228205680847
0.2183273434638977
0.1760355532169342
0.2267334759235382
0.214849591255188
0.02769637107849121
0.09584024548530579
0.143154114484787
0.09082785248756409
0.08842134475708008
0.07702517509460449
0.04885965585708618
0.03546297550201416
0.027420252561569214
-0.009540691955862227
-0.002394854990597134
-0.021757259885359717
-0.1135556250014791
-0.1582388569258587
-0.08000356590965754
-0.0338068369648791
-0.26282973473686233
-0.35842088496902946
-0.43872888272422805
-0.47455149029311683
-0.5733742255510713
-0.6045254159352783
-0.5769561060791861
-0.4325014160961985
-0.3859458661630214
-0.2258500542141395
-0.2369126315650517
-0.2795624669450143
-0.1329884838042168
-0.16401675452565234
-0.09057103952344447
-0.12266289552625209
-0.14773213228162319
-0.14108740648206264
-0.030052454370012693
0.6922429203987122
1.732261061668396
1.7745839953422546
1.4232062101364136
1.3084071576595306
0.7933508604764938
-0.2194440119430297
0.05427948602784721
-0.0026600658893585205
0.15861432254314423
0.22032131254673004
0.16015344858169556
0.21693655848503113
0.34560060501098633
0.4627091586589813
0.510463297367096
0.47982102632522583
0.5176802277565002
0.43164336681365967
0.600939154624939
0.6706599593162537
0.7793622612953186
0.7741788625717163
0.8020666837692261
0.8110003471374512
0.8755364418029785
0.9402778148651123
0.8211607336997986
0.8384727835655212
0.8829473257064819
0.8445928692817688
0.8035223484039307
0.8249031901359558
0.7589362859725952
0.7757591605186462
0.8052470684051514
0.808890163898468
0.8121169209480286
0.7594979405403137
0.6794272065162659
0.5619644522666931
0.419525027338752
0.35024806863475727
0.31761130696941303
0.2738199309071678
0.048589237058195796
0.004376091086897578
0.633017985954179
0.4363123838367885
0.30375668297434766
0.027692503128685653
-0.05414968093808681
-0.18615459760602504
-0.6894530653953552
-0.3354817032814026
-0.18808335065841675
-0.28164903073707115
0.6854259136618667
-0.04990655183792114
-0.3939521908760071
-0.6859691739082336
-0.7644705176353455
0.052639782428741455
-0.0947718620300293
-0.23715782165527344
-0.32604217529296875
-0.20162177085876465
-0.30308008193969727
-0.2846701145172119
-0.28432273864746094
-0.29694700241088867
-0.2204127311706543
-0.1931452751159668
-0.07679271697998047
0.181290864944458
0.4425973892211914
0.3819320722539006
0.03147214124949044
0.1836484894554372
0.46384467186135275
0.8103912175020024
0.7527756244421667
0.817566871706733
0.768849350567736
0.6262068749110787
0.5561482907296551
0.6294912738868736
0.7277381420135498
0.2638131380081177
-0.06549310684204102
-0.23450970649719238
-0.24553632736206055
-0.19814491271972656
-0.13544511795043945
-0.14441227912902832
-0.042684078216552734
0.12008607387542725
0.012488242724331244
-0.44359999895095825
-0.23086576903256004
0.07896284022740742
0.7422292711467955
0.8129578711719725
1.2911145985126495
0.6830559968948364
0.46789008378982544
0.35184985399246216
0.5937152206897736
0.8341136872768402
1.1342527419169524
1.4283269196589568
0.4337460696697235
0.4867407977581024
0.7473441958427429
0.7690486311912537
0.8499913811683655
0.9657395482063293
0.9546984434127808
0.9761590957641602
0.9590123891830444
0.8564414381980896
0.8423667550086975
0.8841149210929871
0.8816132685010127
0.6914680281287747
0.32947278247236256
-0.06897306442260742
-0.021247386932373047
-0.025828897953033447
-0.04373210668563843
-0.029265165328979492
-0.021347105503082275
-0.062371015548706055
-0.12285763025283813
-0.13244956731796265
-0.10529947280883789
-0.10345703363418579
-0.0987287163734436
-0.07865148782730103
-0.03952598571777344
-0.1065325140953064
-0.10653263330459595
-0.12619072198867798
-0.12619072198867798
0.2228594732542123
0.8987757563591003
0.8559190034866333
0.8559190034866333
0.8593931794166565
0.8593931794166565
0.8574265837669373
0.8574265837669373
0.9234218364501598
0.5217066962176088
0.14314082280816853
-0.02776283025741577
0.012244701385498047
0.018015384674072266
0.016134023666381836
0.028279781341552734
0.0193483829498291
-0.015068352222442627
-0.07060527801513672
-0.17987102270126343
-0.359469473361969
0.640530526638031
0.37755013266019244
0.7518330812454224
-0.00858616828918457
0.2459174394607544
0.00796276330947876
-0.2812767028808594
-0.07788372039794922
0.13165521621704102
0.3508604168891907
0.2553940415382385
0.06963390111923218
0.004563748836517334
-0.15959548950195312
-0.22661876678466797
-0.1982104778289795
-0.2637181282043457
-0.11202168464660645
-0.20855951309204102
-0.2760138511657715
-0.09735441207885742
-0.14042901992797852
-0.07117772102355957
-0.20578980445861816
-0.24299407005310059
-0.15846967697143555
-0.40202975273132324
-0.24189305305480957
-0.024311304092407227
-0.009160518646240234
0.10575169324874878
0.008081614971160889
-0.04962968826293945
0.012699544429779053
0.15713685750961304
0.18357139825820923
0.13303011655807495
0.4048488736152649
0.5031033158302307
0.5496341117904457
0.32950432067657115
-0.1128275990486145
0.06250104308128357
0.3113920986652374
0.41279780864715576
0.4612533450126648
