-0.048452392
-0.06364386
-0.13016537
-0.05947329
-0.027610317
0.030089006
0.018000782
0.013511881
0.07633792
0.15570538
0.273499
0.8828199
1.0620927
1.0705783
1.1859059
1.0696738
1.0289083
1.1282984
1.1836545
1.1570673
0.9275577
0.6440083
0.15740149
0.16485305
-0.024761349
-0.09241053
-0.11463405
-0.1626131
-0.15410087
-0.18497336
-0.088843755
-0.0468738
-0.06982498
-0.044235453
-0.041263573
-0.032563172
-0.032658845
-0.061151907
0.1464925
0.8199552
0.82517296
0.9377775
1.0464027
1.104159
1.1763196
1.2617542
1.358318
1.3528152
1.2463827
1.2215004
0.99912906
0.9169949
0.8038726
0.4775207
0.18872018
0.0839587
0.10086261
0.041451395
0.09660591
0.50127256
0.3710897
0.80245703
0.89223194
0.911793
0.9208801
0.95570505
0.9352796
1.0229526
1.3180146
1.5047348
1.8265336
1.947429
2.0644097
2.162448
2.3155427
2.4092062
2.3673098
2.3235185
2.2335281
2.1344237
2.0782013
2.0547595
1.9048572
1.9348588
2.0524604
2.2622619
2.162453
2.2419715
2.003759
1.9319019
1.3983861
1.2292595
1.2388813
1.2599316
1.2112894
1.1450154
1.0924132
1.0440493
0.9971224
0.89654016
0.9739231
0.9703872
1.0487008
1.0275903
0.7818865
0.6452192
0.63820726
0.66817117
0.85283196
0.7832813
1.0280483
0.922106
0.98636234
0.7996554
0.7991214
0.8456774
0.8584925
0.8901298
0.91956043
0.96163607
0.9735687
1.0589385
1.330927
1.5081189
1.4836473
1.5888226
1.5888226
1.7629077
1.7806783
1.9726667
2.088152
2.1635602
2.0986953
2.1906881
2.3052833
2.274532
2.3500586
2.3689256
2.2207565
2.1446722
2.0610638
1.7218311
1.7236364
0.5918592
0.41755933
-0.033304244
-0.44315398
-0.34581977
-0.11693747
0.73476243
-0.20754935
0.1319906
0.94181406
1.5663356
1.7388804
1.8924942
2.2642288
2.2554417
2.2710857
2.157971
2.027371
1.9780865
1.7280546
1.7358227
1.6823074
1.7392327
1.4302626
1.3524171
1.4913824
1.5245422
1.2705344
1.4607677
1.1813533
0.9636233
0.014871657
-0.019145846
0.06212239
-0.023761861
-0.008820564
1.060997
-0.2561646
0.754738
1.0948384
0.3441105
-0.21672596
-0.9449715
-1.460288
-1.7368121
0.49596095
0.49596095
0.49596095
0.49596095
0.49596095
0.49596095
0.49596095
0.49596095
0.49596095
0.49596095
0.52185833
0.49596095
0.6627017
0.63316584
0.5891687
0.6207402
0.9539356
0.4958377
0.63548493
0.8412499
1.0262834
1.0207782
1.4383068
1.497982
1.5869002
1.14147
1.3349056
0.94687307
0.54017997
0.3894825
1.0947735
1.5580238
0.9655473
0.9992571
1.4948107
1.0515342
1.0934391
1.0934391
0.68013257
1.0891576
1.7164762
2.030625
1.71436
1.5278652
1.5607903
1.5617735
1.0375289
1.3619065
0.8475834
0.3528456
0.4190423
0.18322586
0.14447172
-0.1526251
0.053611755
0.80018115
1.1663699
0.9043994
0.90052843
0.53655994
-0.45100588
-0.5843977
-0.51719224
-0.9506104
-0.9037249
-1.1602445
-1.4485815
-1.3254858
-1.1651425
-1.1013304
-1.0820427
-0.90880865
-0.87644553
-0.769683
-0.8555672
-0.85507524
-0.5154406
-0.4113562
-0.4113562
-0.5747211
-0.6665281
-0.7051623
-0.70884943
-0.7463218
-0.66237605
-0.7058654
-0.73033154
-0.71322197
-0.71322197
-0.713641
-0.6536933
-0.6198698
-0.6659256
-0.5829763
-0.36470574
-0.029111564
0.37039846
0.42750907
0.5410209
0.733554
0.75524575
0.6694741
0.3905391
0.19717856
-0.008952297
0.046380118
0.055992246
0.012661487
-0.18181062
-0.4506638
-0.6803272
-0.69112647
-0.6046612
-0.46339512
-0.27424306
-0.21687579
-0.25701144
-0.24596147
-0.25844198
-0.26930922
-0.27266282
-0.41711128
-0.14871287
0.55418265
0.8187706
0.97540605
1.0285258
1.1483977
1.1826361
1.1923245
1.1196363
1.0742095
0.9826133
1.0741655
0.94743276
0.78997624
0.14240201
0.047260284
0.027806416
0.043324098
0.027037546
0.1152271
0.18462129
0.023700163
0.033287615
0.06557281
0.11533308
0.10999222
0.20990027
0.38184035
0.36189002
0.39221334
0.39530593
0.5368483
0.6030083
0.7392102
0.737314
0.7835014
0.9091842
0.9091842
1.2788754
1.2788754
1.6481211
1.5065897
1.5111239
1.5111239
1.9554973
1.9712064
2.0269964
2.1091008
2.2979736
2.2562828
2.211419
2.1323504
2.1052368
2.0428092
1.7882022
1.4723895
1.1889418
1.1889418
1.063286
1.1542233
1.2350657
1.1998613
1.1508585
1.1816959
1.1992438
1.0452162
0.9403126
0.9253669
1.1416872
0.9603741
0.9598235
0.9767735
0.94580626
0.9126178
0.9188607
0.91158175
0.93126833
1.010521
0.99482393
1.0594652
1.3366933
1.5259973
1.3567274
1.2871087
1.4174259
1.4133929
1.5421977
1.6019382
1.7115613
1.7470007
1.7516899
1.8411118
1.9662578
2.06901
2.1380298
2.1643894
2.2102215
2.2542562
2.2147174
2.1634126
2.0857012
1.9982615
2.0751853
2.115507
2.1769536
2.1824899
2.2392113
2.1666598
2.1274486
2.0861511
1.9968481
1.9566631
2.0278873
1.9920127
1.9144206
1.9831958
1.8747253
1.8034854
1.7908037
1.758502
1.7664111
1.2411604
1.5477583
1.6886619
1.9106421
1.8907812
2.069831
1.9725327
1.6137027
1.3906583
0.75434566
0.42474228
-0.018845499
-0.02285482
0.33009142
0.33009142
0.92957675
0.82304657
-0.863256
0.20611481
0.5107191
-0.25810412
-0.03981138
1.6685452
2.2986803
1.9616332
1.7143872
1.319588
1.1469961
0.8775305
0.49596095
0.49596095
0.49596095
0.49596095
0.49596095
0.7129324
0.63288265
0.8552488
0.7134911
0.74660426
0.82074326
0.9052805
0.6741044
0.7368263
1.0517682
1.0147531
1.0147531
1.0281458
0.92372346
0.8147079
1.0150492
1.0364087
1.1958203
1.1463788
1.126533
0.7647603
0.6243459
1.0344112
1.5449494
1.545764
1.818274
1.7491351
1.7406033
1.4528065
1.0012674
-0.8547932
-1.560548
-1.9757804
-2.032404
-1.9140126
-2.0602255
-2.1683521
-2.5449178
-2.175811
-2.362707
-2.2806854
-2.401133
-2.5479393
-2.300743
-1.044818
0.403813
0.9180367
1.4924654
0.9339925
0.14882655
-0.07863758
0.062434077
0.062434077
-0.89735425
-0.89735425
-0.9865468
-1.2862356
-1.5196214
-1.518415
-1.5176243
-1.2797871
0.8512019
0.8507163
0.26313078
-0.06914689
0.26956367
-0.93733984
-0.3145336
0.45169568
0.5854219
0.4646448
0.7103998
0.80699795
1.078873
1.1395992
1.043289
1.0030488
0.935408
0.94889235
0.8549823
0.57405543
0.40221632
0.2730984
0.29483992
0.32776308
0.4358852
0.546268
0.5807713
0.7014396
0.7017852
0.6919924
0.8021163
0.9234201
0.942044
0.91551626
1.0138537
1.3269163
1.5154579
1.9097638
1.9097638
1.891851
1.7440083
1.7440083
1.1785411
1.1259353
1.0642076
1.1801132
1.0592391
0.9556024
0.84636414
0.5549319
0.6198803
0.7533289
0.8499013
0.8742589
0.98241234
1.0525773
1.2792835
1.2245629
1.3565819
1.4270585
1.6569741
1.7766258
1.6675646
1.6195468
1.4496378
1.3300377
1.2507687
1.1152744
1.1339159
1.0367553
0.9238292
0.7477199
0.80550766
0.76874775
0.78957564
0.8542048
0.93856406
0.9785683
1.0573621
1.0053095
1.0489012
1.192811
1.3503342
1.3420624
1.316312
1.2661487
1.3621507
1.2700801
1.2737405
1.1386697
1.1313145
1.1390411
1.1298037
1.1841259
1.1359243
1.2539515
1.2987436
1.1922619
1.1345904
1.2270103
1.2270103
1.4281206
1.4473662
1.5015049
1.4081411
1.7420905
1.5818242
1.8174644
1.7594446
2.0298748
1.9835513
1.877028
1.6221852
2.0940394
2.0879207
2.1365216
2.239531
2.2684426
2.1689234
2.181753
2.1802096
2.0932539
2.1232924
1.9794121
1.812732
1.5526578
1.4935541
1.4884379
1.4996423
1.343256
1.2570162
1.2785337
1.293308
1.3266432
1.3389896
1.196625
1.3133042
1.3268863
1.4064515
1.294695
1.3157699
1.4002807
1.4241734
1.4293145
1.4831069
1.4831069
1.5515121
1.6369863
1.709353
1.7041245
1.446291
1.6161668
1.7144549
1.6192737
1.5020931
1.3473654
1.3505383
1.3985645
1.5455853
1.4361527
1.4424953
1.4001788
1.4033386
1.3239248
1.2832955
1.4342256
1.4265544
1.3868585
1.3231345
1.2610129
1.410284
1.3300306
1.3183796
1.3439932
1.3529761
1.3149018
1.322187
1.2458334
1.1591434
1.1340959
1.1501212
1.1443179
1.1532108
1.2288046
1.2083883
1.2702491
1.3700806
1.2363193
1.1052577
1.15276
1.2036974
1.4608049
1.4349504
1.4396605
1.3220589
1.2926552
1.2542596
1.0885913
1.1449423
1.1130519
1.3611811
1.5175786
1.9171047
2.1561897
2.158716
2.016646
1.6744502
0.95239556
0.3807518
-0.22047268
-1.7758325
-2.1702867
-2.3530989
-1.2924538
-0.89223456
-0.61006963
0.77696264
1.1930444
1.8874359
1.4827683
1.7373586
2.027435
1.820864
2.420342
2.2619107
1.246419
1.3814945
1.5269094
1.690336
1.7594639
1.4132278
1.3564899
1.2371349
1.2139275
1.2064013
1.0840144
1.5833697
1.6561238
1.7255019
1.372379
-0.65634775
-1.5677083
-2.0660777
-1.9929004
-1.7758555
-1.6834838
-1.7503244
-1.7770263
-1.8390548
-1.9650276
-2.020063
-1.8629367
-1.9858251
-1.9920325
-1.8958869
-2.1380756
-2.0828383
-2.0735826
-2.1179276
-2.0983214
-2.0113356
-1.9886193
-1.8566135
-1.8146372
-1.8290257
-1.8412149
-1.7099531
-1.7743158
-1.8362969
-1.7932396
-1.7407277
-1.7184823
-1.6529663
-1.4674368
-1.3985882
-1.2891984
-0.7945026
0.49596095
0.49596095
0.49596095
0.49596095
0.7030306
0.52999055
0.53808904
0.49596095
0.49596095
0.49596095
1.0774608
1.0774608
1.3589768
0.86325204
0.7002976
-0.4476366
0.06524818
0.485528
0.33029616
1.391557
0.49596095
0.49596095
1.8798934
1.8511233
2.085589
2.209612
2.2769437
1.4690533
1.3933358
0.9207144
1.386682
1.221473
1.2431452
1.3184587
1.3771988
1.398776
1.4893898
1.1207316
1.1886185
0.80554575
0.3695385
0.50395113
-0.097334914
-0.2579843
-0.39863837
-0.7953973
-0.78128994
-0.8787055
-0.72707915
-0.95538414
-0.7677717
-0.29715902
0.39224112
-0.83745027
-0.5416826
-0.57999974
-0.590644
-0.22320154
-0.22320154
-0.04466775
0.0152448565
0.038168177
-0.034357816
-0.020809948
-0.05824691
-0.073991
-0.022027463
-0.039001673
-0.0471266
-0.04764673
-0.09647435
0.01837252
0.045681104
-0.041834958
0.0471683
0.13533248
0.57003057
0.99666214
1.0469764
1.0325227
1.0772098
0.9965271
1.078452
1.0719643
1.2436972
1.0307157
0.6434202
0.49677145
0.30106485
0.06854196
-0.021679386
0.029059336
-0.033115253
-0.11012739
-0.15192768
-0.35495728
-0.46684694
-0.4602579
-0.53607
-0.5543406
-0.63295305
-0.65035635
-0.5836792
-0.6094349
-0.5836137
-0.6604159
-0.6621558
-0.58564687
-0.5125406
-0.5524345
-0.6595627
-0.75810266
-0.70371
-0.6569077
-0.623097
-0.6725255
-0.6241894
-0.6505215
-0.67617774
-0.7241193
-0.7028276
-0.6929265
-0.6605648
-0.6321906
-0.6919313
-0.6568241
-0.63239944
-0.6692483
-0.65197265
-0.7338081
-0.7843965
-0.6217236
-0.51169515
-0.45208412
-0.43242794
-0.618649
-0.65825415
-0.6275015
-0.62504005
-0.6421805
-0.62717307
-0.5428967
-0.5064871
-0.4829595
-0.5032863
-0.48843032
-0.50266796
-0.47023576
-0.48709136
-0.27944544
-0.074848995
0.25674254
0.25019312
0.16647448
0.039461225
0.110955015
0.19242068
0.047852293
0.021966338
-0.048665352
0.049387246
0.17982413
0.44891232
0.47186255
0.6280379
0.83988535
0.87450963
1.0720818
1.2126572
1.3546921
1.526198
1.415941
1.7325256
1.7386639
1.9171846
2.007485
2.0402434
1.8937201
2.0124292
1.9677799
1.7081661
1.5198442
1.2231281
1.3644676
1.3302164
1.219779
1.1621314
1.1422318
1.0202711
1.0340434
1.0849607
1.1360481
1.1688875
1.0963417
1.0211308
1.1687098
1.0015472
0.90308046
0.87591577
0.8364651
0.8602038
0.88573384
0.93341637
0.96490264
0.9882755
1.0790579
1.3317388
1.3985094
1.3787676
1.3955243
1.3086653
1.3270571
1.2509583
1.3625827
1.2361836
1.2932376
1.3601873
1.288576
1.2926239
1.3717755
1.3717755
1.6063087
1.6310261
1.637889
1.627903
1.5418999
1.5788888
1.6879451
1.7421259
1.8182468
1.833394
1.886184
2.005119
2.0593224
2.123013
2.1514516
2.216176
2.278323
2.3097854
2.310032
2.315621
2.401531
2.3468215
2.2918465
2.151727
2.0889676
2.0994806
2.0756364
2.0127733
1.9159272
1.9727752
1.9494121
1.9100728
1.6998434
1.8230519
1.9536238
2.131063
2.159471
2.1410182
2.1952765
2.2170997
2.1107993
2.0735784
2.0274286
2.0582418
2.1272016
1.9925528
1.8159647
2.145566
1.635865
0.14100502
-0.025284395
-0.20818938
-1.2113268
-1.2113268
0.13774897
1.2087995
1.9025161
1.8635473
1.9586253
2.0900702
2.2800627
2.084102
1.3204234
1.0389957
0.7266263
0.79133356
0.3970483
0.4635256
0.5015622
0.4755602
0.5784281
0.4971518
0.5798562
0.9689028
1.2461783
1.3252759
0.71505374
-0.8186322
0.82761645
0.6492907
0.82304657
0.55102134
1.000426
-0.36244828
-0.7425139
-0.3690753
-0.37524062
-0.5059271
-0.29453817
-0.10841698
-0.039977893
0.037313014
0.49596095
0.49596095
0.49596095
0.49596095
0.49596095
0.49596095
0.49596095
0.49596095
0.49596095
0.49596095
0.49596095
0.49596095
0.49596095
0.5759625
0.40914834
0.43228555
0.8567544
0.6570612
0.6885519
0.30427325
0.66271865
0.6997103
0.8889413
0.8889413
0.7003133
0.8688442
0.7027315
0.9510565
1.1147885
1.0155092
1.1182394
0.9148395
0.95549774
0.93548393
1.2650454
0.6498417
1.3253381
0.92924964
0.71290094
1.6845615
1.5262554
1.2963548
1.5760529
1.6012316
1.5327132
1.0229665
-1.0146048
-1.3042895
-1.777775
-1.4417114
-1.9352418
-0.15227205
2.0334635
1.0411527
0.8540703
1.4274709
1.6897521
1.4289818
1.5793896
1.3545184
1.5669115
1.2957203
1.2957203
1.3201541
1.299814
1.418715
1.0754668
-0.5351444
-0.5654169
-0.36855102
-0.471291
1.0621715
1.0993888
1.2135657
0.9991088
1.2087686
1.2309272
1.4662437
1.2975569
1.3139104
0.79878247
0.55673796
-0.31035727
-0.42468643
-0.5852036
-0.86508536
-0.806583
-1.0225415
-0.8097836
-0.59505725
0.5664308
-0.560948
-0.6659914
-0.654894
-0.6107045
-0.84007186
-0.90279377
-0.79087687
-0.11635845
-0.044161186
-0.34547263
-0.35571885
-0.30584794
-0.326342
-0.294102
-0.25342488
-0.2276101
-0.15043935
-0.015940875
-0.015536621
-0.012751929
0.01941304
0.03398764
0.14664288
0.24363555
0.6871005
0.85482496
1.0135146
1.031989
0.9755188
0.97237945
1.0970786
1.1230867
1.2733321
0.727309
0.4112317
0.397955
0.17136659
0.06569731
0.2508937
0.022167578
-0.04723703
-0.106355846
-0.17169353
-0.2208814
-0.4497069
-0.50362104
-0.40924406
-0.50457114
-0.6187697
-0.58324534
-0.5666758
-0.5721424
-0.70065916
-0.549708
-0.53764623
-0.5491155
-0.6094786
-0.62291294
-0.71099705
-0.66509664
-0.6694643
-0.6775958
-0.60065943
-0.7431918
-0.77389145
-0.8430376
-0.8006255
-0.7581922
-0.75616354
-0.7442162
-0.7629676
-0.78064406
-0.84733415
-0.8156847
-0.8304659
-0.81424165
-0.68137693
-0.6247839
-0.6175964
-0.45767653
-0.40646064
-0.12640293
-0.18998179
-0.25877702
-0.24735267
-0.27794343
-0.3176261
-0.49936736
-0.120385215
0.0045354962
-0.057370074
-0.041796133
-0.019912906
-0.0039419904
0.1365266
0.20159967
0.469723
0.26210666
0.13429825
0.058430925
0.1710469
0.20594959
0.12381706
0.14210458
0.1628096
0.26546013
0.07409878
0.20988871
0.47679967
0.480397
0.45605415
0.7490096
0.8709879
1.0295719
1.1093354
1.1974535
1.2276495
1.4614663
1.4458218
1.7728906
2.0004787
1.7876146
1.9064448
1.6555109
1.924972
2.0610824
1.9765182
1.9699707
2.0965767
2.026439
1.6539109
1.5557863
1.2314231
1.392428
1.450324
1.380894
1.2525408
1.3571122
1.3165077
1.3022239
1.272438
1.2198391
1.294607
1.5228224
1.2524543
1.2889278
1.2901223
1.4173558
1.484283
1.5262926
1.5411565
1.4900233
1.4345491
1.3947726
1.3867258
1.3936152
1.3215266
1.314394
1.2603931
1.328176
1.3572888
1.3572888
1.3152883
1.2652458
1.1717141
1.1499875
1.1499875
1.1327418
1.1073041
1.0533924
1.0418848
1.0153403
1.1626492
1.2467086
1.178753
1.1938694
1.2021205
1.1356983
1.215188
1.0947475
1.1479532
1.2598672
1.2993917
1.2329961
1.2662152
1.3075573
1.4712106
1.4277666
1.396971
1.3284734
1.3209019
1.1907789
1.2061529
1.0979433
1.2158895
1.1323245
1.2172723
1.4790578
1.6337087
1.8330667
2.0408325
2.1248937
2.1129985
2.1715002
2.2512712
2.1129696
1.8228593
0.10246201
-0.14414437
-1.5804487
-2.4209917
-1.8183666
-1.0222327
-0.891067
-0.4119705
0.78179723
1.5212038
1.950382
2.086402
1.7955161
2.24693
2.1008587
1.8257743
2.2688112
2.0768185
1.7885828
1.2679238
1.0918736
1.282932
1.4869716
1.7693312
1.8173078
1.5766604
1.3881214
1.3564126
1.175491
1.173148
1.1204555
1.1204555
1.3524836
1.5288048
1.586643
1.5997108
0.8924233
0.16973878
-0.55622923
-1.5289576
-1.8620145
-2.00283
-1.7295673
-1.5726295
-1.508411
-1.6202419
-1.8084376
-1.8084376
-1.6811693
-1.6273023
-1.7198449
-1.688451
-1.8332434
-1.780147
-1.9286739
-1.7710984
-1.7865334
-1.7361542
-1.838134
-1.9380145
-2.0207582
-2.0721684
-2.0301104
-1.8750789
-1.8919474
-1.8413746
-1.9196973
-2.0358021
-2.1162338
-1.988191
-2.067936
-2.1546423
-2.2792184
-2.3117423
-2.2911544
-2.2030454
-2.1594036
-2.1076853
-2.1297903
-2.093984
-2.178857
-2.1270342
-2.0956268
-2.0956268
-1.9876312
-1.8052585
-1.7068813
-1.5319798
-1.3485861
-1.1309121
-0.20186405
0.49596095
0.49596095
0.49596095
0.5904466
1.4497418
1.6161644
0.72786874
0.60858464
0.9016987
1.0254135
1.014038
0.5645201
0.6438602
-1.0393518
-2.0113006
-0.23613623
-0.13586012
-0.61191833
2.0145385
1.8030281
1.8030281
-0.90566695
-1.520765
-1.3562859
1.2361486
0.2316273
0.11508937
-0.0054112524
-0.8503358
-0.91867995
-0.44401413
-0.41771144
0.4445591
0.0005054474
0.19737522
0.48639858
-0.10129909
-0.68993586
-1.0522656
-1.30211
-0.60264236
-0.34224668
-0.20481056
-0.70590484
-0.70590484
-1.0119053
-1.0877999
-1.2967013
-1.1290537
-0.8480281
-0.64817727
-0.6773296
-0.6057506
-0.63663626
-0.7918929
-0.63602436
-0.43635535
-0.434722
-0.42583376
-0.664345
-0.6182763
-0.5104376
-0.5508464
-0.5715384
-0.57793283
-0.47990435
-0.58511466
-0.43107748
-0.25223523
-0.064046495
0.12427786
0.37097794
0.2886483
0.18434091
-0.067507684
-0.09622267
-0.054192074
0.045837328
-0.104130104
-0.27615035
-0.36747563
-0.48792964
-0.75682706
-0.7605298
-0.6275572
-0.68616724
-0.7762487
-0.8160971
-0.92965925
-0.82548285
-0.7709474
-0.6663029
-0.65109396
-0.34472662
-0.28812474
-0.28999364
-0.30053693
-0.3694284
-0.2079019
-0.22126031
-0.20559987
-0.16215284
-0.20816775
-0.23918024
-0.2975437
-0.28802097
-0.46104908
-0.4965557
-0.5282726
-0.47979355
-0.5398862
-0.49629104
-0.45330453
-0.33114222
-0.3303584
-0.2618961
-0.20641522
-0.20641522
-0.18169628
-0.16936564
-0.09619075
-0.08255249
-0.06445716
-0.05385174
-0.14931512
-0.052257113
-0.060766898
0.05429472
-0.012684673
0.024964333
0.075600296
0.05062829
0.060570702
0.07027598
0.07027598
0.372656
0.4052757
0.682256
0.7412088
0.7434153
0.8729618
1.0148399
1.2048337
1.23441
1.5310694
1.7328887
1.75462
1.593874
1.9015741
1.8556973
1.972698
1.9869394
2.0395093
2.0429573
2.0670717
2.1499467
2.1786687
2.2204971
2.1977923
2.2547157
2.1040545
2.03751
1.7189088
1.5438701
1.582376
1.3614674
1.3344824
1.274581
1.2580006
1.2842402
1.2525201
1.320573
1.2831047
1.2444422
1.1679354
1.2131813
1.1782911
1.1963824
1.2619193
1.2201496
1.2722381
1.4558138
1.4634943
1.604163
1.6506
1.6506
1.6688542
1.5836346
1.7068294
1.4082072
1.6460943
1.4739406
1.4996711
1.2828305
1.2831492
1.1462891
1.1462891
1.4502596
1.4502596
1.3305163
1.3305163
1.176118
1.1948578
1.1864467
1.1130049
1.1998284
1.0644805
0.9779186
0.9988123
0.9642252
0.959113
0.9791486
0.9142786
0.89698505
0.80314946
0.7755821
0.73374987
0.58390605
0.5586866
0.56997466
0.41736746
0.39181453
0.40342915
0.5581993
0.6803935
0.7512815
0.7310444
0.8073336
0.86838585
0.9010484
0.8074073
0.8687895
0.7832236
0.93546546
0.94906855
0.79094356
0.9258305
0.9204488
0.8941318
0.9544996
0.95799387
0.97299623
0.94221044
0.9866241
0.9395056
0.9303577
0.90612197
0.8825615
0.8523366
0.8340465
0.8261863
0.8431877
0.7463199
0.6977972
0.6951306
0.7028452
0.7189121
0.7051539
0.69235146
0.69055116
0.8348936
0.93242335
0.9727057
1.103925
1.1578124
1.3596978
1.3596978
1.6151702
1.5765033
0.98104024
-0.042922758
-0.20336919
-0.62043667
-0.31517744
1.1812389
1.8522317
1.9960816
1.9365585
1.9483132
1.7851892
1.9364843
1.584434
1.8702724
2.1879535
1.5917804
1.1069462
0.6804351
0.80583143
0.9579791
0.9795501
0.6943382
0.67053926
0.8832759
0.12319191
-1.050223
-1.1580315
-1.2219801
-1.2043095
-1.0266083
-0.5942335
0.9852046
0.50446206
0.49596095
0.49596095
0.49596095
0.49596095
0.49596095
0.49596095
0.49596095
0.49596095
0.49596095
0.52650267
0.59472096
0.9163339
0.8500447
0.8912555
1.2430371
1.0699549
1.0586084
1.1255441
1.1772287
1.5621908
1.1047963
1.1600044
1.4427252
1.2069094
1.1046901
1.2814442
1.3499794
1.2649746
1.3622912
1.3355391
1.4816589
1.1822052
1.3087469
1.1788738
1.3666399
1.2661185
1.5318549
1.2570758
1.3980734
1.425092
1.2698863
1.4196568
1.2375053
0.9909189
1.09743
1.1535723
1.2645669
1.3315914
1.2225598
0.8985884
0.86023235
1.2885852
1.4677775
1.7715518
1.2317201
1.6327939
0.8327595
1.0480989
0.7223034
0.99608994
1.3223433
1.0995902
1.1194482
1.532832
1.440326
1.5512817
1.5830529
0.60145557
0.7142372
0.78647816
1.3892295
1.4679992
1.7528073
1.395642
1.3938675
1.2625499
1.236052
1.1884344
0.5775573
0.3663088
1.3437306
0.64150405
1.1957364
