-0.032092907
-0.10811383
-0.06352501
0.043050244
0.05152695
0.022524342
0.052886978
0.0890096
0.11603622
0.2695824
0.6822885
0.62967694
0.9070083
0.9534615
1.0650359
1.0468183
1.3674389
1.6388843
2.0397477
2.3432014
2.130096
1.9974709
1.9123869
1.9098539
1.6187637
1.5763819
1.2496153
1.2939668
1.3095187
1.30207
1.082847
1.2694519
1.590615
1.5312204
1.5047638
1.5739845
1.6514251
1.633838
1.5587401
1.4934232
1.5087085
1.4730613
1.4687268
1.5304848
1.3674682
1.2543664
1.3002671
1.1839402
1.1730852
1.0365188
0.95519006
1.0207942
1.1262562
1.025034
0.9875388
0.9721093
0.9535239
0.92851305
0.9178622
0.9599309
0.97798014
0.9530935
0.9516878
0.8504406
0.82379425
0.7452939
0.7575066
0.37502027
0.37502027
0.3316269
0.697771
0.5372573
0.57682556
0.40321696
0.52156436
0.90424204
0.75753033
0.9875207
0.83690464
0.7765023
0.7859508
1.1141744
1.2920823
1.5459446
1.4153895
1.9610472
1.9741545
1.8159223
1.9823251
1.9624279
2.0376022
2.0352054
2.0222476
1.9605341
1.9975975
2.0558152
2.1762457
2.0855112
2.1605935
2.213566
2.092029
1.9512734
1.7803376
1.4381933
1.2129573
1.225998
1.2339066
1.1295558
1.0860264
1.0727975
1.0814309
0.9767158
0.983057
0.75794977
0.08207503
-0.020723082
-0.3533629
-0.30182165
-0.7097167
-1.3122294
-1.4454328
-1.3401163
-1.0730336
-0.85410804
-0.6569482
-0.507995
-0.7981448
-0.5308323
-0.2605117
-0.07851975
-0.048410088
0.62250936
0.42969847
0.19962712
0.36811846
0.2747264
0.41880196
0.3018558
0.523443
0.76829726
0.78178996
0.9927411
0.9815277
1.3262622
1.8050349
1.7781404
1.8750883
1.8469868
1.9117393
1.2696891
0.9724443
0.3919024
0.41850764
0.23481385
-1.3627632
-0.75814724
2.0346804
2.2776084
1.9874098
1.9638612
1.9671144
1.9095871
2.040735
2.2257996
2.4734178
2.3742738
0.7102915
-0.026802704
-0.77048266
-1.9575517
-2.3684068
-2.1924334
-2.1342282
-1.8535869
-1.5908822
-1.2546029
-0.9985941
0.15308063
0.900579
1.3789468
1.3789468
1.4420619
1.3481299
1.0478365
0.90331364
0.6308012
1.0085781
1.0636034
1.1091958
1.213189
1.3868177
1.4521515
1.4661765
1.4684349
1.4634998
1.4332774
1.3579192
0.9910798
0.9138882
0.3186432
0.28516734
-0.07137921
-0.07137921
-0.34478855
-0.3774323
-0.43919504
-0.45828402
-0.5702065
-0.74581903
-0.6070012
-0.6845954
-0.5750135
-0.42234886
-0.2906131
-0.19503178
-0.3129983
-0.094750986
0.4422453
0.8338631
0.8235862
0.8718431
0.9161763
0.49777174
0.083045244
0.047552153
0.18597807
0.46601045
0.708013
0.6992273
0.73645794
0.7651043
0.91073465
1.3875171
1.5938611
1.350339
1.3092654
1.2948347
1.2816215
1.1326953
1.0441444
1.0139456
1.118869
1.0829539
0.952978
0.8227058
0.937214
0.9642844
1.0571704
1.2312658
1.1511887
1.1937284
1.2186365
0.9969487
1.1052554
1.1888227
1.1764168
1.072782
1.0416874
0.9727763
1.1719074
1.0788232
1.0588737
1.1713337
0.9387759
0.9532186
1.0370421
0.026083484
-0.108628675
-0.18975684
-0.55215037
-0.97117305
-1.3834876
-1.3643768
-0.79430807
-0.60766035
-0.51757103
-0.5977982
-0.6109281
-0.59299076
-0.6028982
-0.36446416
-0.1050147
-0.05560485
-0.31334186
-0.24389932
-0.22735612
-0.17824821
-0.16828945
0.039355993
0.51837397
0.5256963
0.95927954
0.97811556
1.5178002
1.7779965
1.6853967
1.7114182
1.8326719
1.8254687
1.5806863
1.4357369
0.7157842
0.3766647
0.41463655
0.22656937
-1.3207784
2.1841178
2.1651542
2.043527
2.0338206
1.9751377
1.9208624
1.9348998
2.0445626
2.1374373
2.4453254
2.4453254
-0.04871227
-0.8501081
-1.9372479
-2.3941684
-2.6078649
-2.5751598
-2.4450116
-2.3204458
-1.781296
-1.4582605
-0.9982411
-0.52579933
0.2158523
0.53984463
0.8355013
1.0962024
1.1436238
1.1878644
1.0885191
0.6714484
0.63159776
0.088794544
0.05815044
-0.013641939
0.048947915
0.08273974
0.2722608
0.07729252
0.20303662
0.1309991
0.2713313
0.2057385
0.13298926
0.27072924
0.27903008
0.26138282
0.16162784
0.34383988
0.3791409
0.35323995
0.37034696
0.60338044
0.38880223
0.5336354
0.12012999
0.16699006
0.18762358
0.1529413
0.70031977
0.62670624
0.34027708
0.43769538
0.13958688
0.08156939
0.18316792
0.38406587
0.59973896
0.20634474
0.35923964
0.3202206
0.22933047
0.40002763
0.4040295
0.42045075
0.62760735
0.63447607
0.6579473
0.8807412
1.1373694
1.2271979
1.3127611
1.3921424
1.354428
1.5717361
1.5717361
1.4492772
1.5615668
1.3327382
1.3198786
1.5385664
1.5223925
1.5071077
1.5923308
1.6248139
1.575586
1.7978411
1.7044957
1.6917648
1.8705189
1.834259
1.7790351
1.9862142
1.9962683
1.8961887
1.977011
1.9778485
2.0206776
2.060583
2.0749092
2.1608582
2.2138214
2.0605521
1.7860796
1.5131809
1.366317
1.3825736
1.0051503
0.95670235
0.9910047
0.8903737
0.8749373
0.85614204
0.85143447
0.6467452
0.50355995
0.3503518
0.272761
0.3076322
0.401748
0.38931477
0.17160876
0.1581481
0.12678744
-0.12847397
-0.1394758
0.0014479458
0.3310429
0.672472
0.8043227
0.8751185
0.89858675
0.8750763
1.1114948
1.6982886
1.7101133
1.9217265
2.203069
1.8505166
1.5043896
1.0864699
0.44530344
0.42424005
0.40273118
-0.4629444
-1.3470343
0.37447315
2.241826
2.0581996
1.9776521
1.9704883
1.8999884
1.8507235
1.9686339
2.0654063
2.2206867
2.4567153
2.3341188
2.027958
1.9363427
0.80798906
-0.031207763
-1.4635246
-2.351355
-2.1405365
-1.8602428
-1.5305634
-1.203396
0.80450946
1.5315926
1.3329192
0.8050316
1.2196643
1.5168033
1.8232452
1.993562
2.0420125
1.9255376
1.9026477
1.8257786
1.8277729
1.9646742
1.9646742
2.1593273
2.18286
2.2761059
2.261183
2.2361112
2.1212463
2.0159292
1.8754241
1.5964754
1.3885494
1.0178154
0.6924903
0.3406781
0.51105666
0.18860336
0.22920795
0.24807669
0.2010221
0.09527291
0.054315105
-1.1026859e-06
-0.017419815
-0.08139605
-0.29220498
-0.20255272
-0.25918368
-0.3411374
-0.48138
-0.44882178
-0.6384634
-0.652421
-0.6727906
-0.74589086
-0.7075779
-0.651194
-0.651194
-0.64173865
-0.5910884
-0.4331907
-0.06679085
-0.029668234
0.044251844
0.39319968
0.7103901
0.72135884
0.94477737
0.936303
1.1302578
1.2830801
1.774386
1.913898
1.8866715
1.9826903
2.024903
2.0011544
2.0180545
2.027073
1.8039708
1.575649
1.4725487
1.5020782
1.4584997
1.3694849
1.2851251
1.2841339
1.3246174
1.368227
1.3368901
1.4837475
1.5317367
1.428374
1.5715336
1.6581821
1.7413495
1.85019
1.940083
1.8917451
2.028183
2.0709493
2.0105438
1.891355
1.9249439
2.0433776
2.0387657
2.0798178
2.051558
1.9472334
1.8507959
1.6987071
1.207619
0.9703343
0.79319286
0.42438757
-0.11126378
-0.39716297
-0.65645874
-0.83305377
-0.8902377
-1.22597
-1.4359065
-1.3254051
-1.3629129
-1.401012
-1.486717
-1.5922635
-1.4165206
-1.3954663
-1.3048797
-1.269981
-1.5532088
-1.6745446
-1.3548001
-0.7791059
-0.45921254
-0.4511866
-0.40089756
-0.41177446
-0.31514043
-0.21425426
0.8600357
0.94866383
0.9750606
0.9637519
0.91991353
1.5516127
1.6001422
1.5136049
1.7426687
1.8209493
1.9217379
1.5943341
1.6442928
-0.079369456
-0.08781559
-0.3686431
-0.5301663
-0.95602447
-1.5450563
-1.8335804
-2.3370576
-2.4595218
-2.3146267
-2.3536546
-2.5113506
-2.1550279
-2.069669
-1.9070249
-1.4879372
-1.2867322
-1.2183245
-0.51803285
-0.59508127
-0.014844567
1.356681
1.264292
1.1234848
1.1267717
1.2130196
1.5183814
1.4466558
1.55127
1.4381999
1.430687
1.3733978
0.20024194
-0.008821964
-0.0133818835
-0.028758362
-0.018127985
0.045383736
0.1351652
0.046985477
0.005858727
0.006154768
0.016093954
0.015284032
-0.01485046
-0.02585411
-0.10769467
-0.102764614
-0.11782201
-0.1123085
-0.093280464
0.0035700724
-0.046381436
-0.055983707
-0.04330107
-0.06276663
-0.048608735
-0.07411735
-0.053940594
-0.04664112
-0.063493416
-0.056516647
-0.06337111
-0.040229015
-0.030683026
0.009975344
0.113921165
0.10058968
0.037402377
0.037082374
-0.0028585047
0.0531867
0.055542886
0.07080077
0.18526773
0.2236752
0.13568635
0.12482764
0.101346985
0.2402447
0.22240461
0.28254956
0.28254956
0.41055346
0.2966687
0.6023778
0.5277209
0.613856
0.646547
0.8401806
1.1193566
1.1969104
1.37793
1.4949377
1.6752406
1.773654
1.5487194
1.6848811
1.7267643
1.9063311
1.9267571
2.06266
1.9096103
2.016815
1.9185677
1.9290261
1.9924245
2.0813386
2.1630073
2.0886989
2.0525575
2.029751
1.8509775
1.4943305
1.4299407
1.3511367
1.3042302
1.2568946
1.2568946
1.0448122
1.0377307
0.50060797
0.57110745
-0.13712516
-0.11439209
-0.4499228
-0.7639078
-1.0339329
-1.3132524
-1.169812
-1.1516194
-1.1263825
-1.0006394
-0.6803155
-0.6085167
-0.5050592
-0.52803856
-0.51235205
-0.39443278
-0.32960218
-0.36138213
-0.44564533
-0.41927624
-0.41609555
-0.43176872
-0.5018163
-0.43532062
-0.45374584
-0.23890978
-0.0979014
0.11478309
0.14790703
0.28315914
0.43151665
0.46671802
0.65023196
0.6097752
0.72347
0.90269625
0.92356503
0.8210702
0.6441866
0.8371982
0.54023266
0.24675353
0.24910302
-0.23275217
-0.23275214
-1.3110317
-1.3110318
2.231584
2.2044497
2.047358
2.1136625
1.9173064
1.8726087
1.812396
1.8480589
1.9142754
1.9466319
2.1489592
2.4087994
2.3022773
0.9253979
-1.055165
-2.406794
-2.2174714
-1.8826679
-1.7679017
-1.5774121
-1.2863226
-0.10324674
0.060919717
-0.15144253
0.22623087
1.8513517
1.3433727
1.0471718
1.4111205
1.4372702
1.3886462
1.3381891
1.4105972
1.4328647
1.2513604
0.5834717
0.18542029
0.015464932
-0.023978963
-0.042842805
-0.045167625
-0.041985452
0.06864546
0.06864546
-0.031153202
-0.01869724
0.0384721
-0.029907942
-0.029907942
-0.021875143
0.027395442
-0.03235832
-0.05514101
-0.13384645
-0.06322008
-0.03621109
-0.0007404983
0.017060176
0.017060176
-0.03549064
-0.053484224
-0.039727993
0.029186234
-0.07481028
-0.1658761
-0.16558084
-0.13470723
-0.21953553
-0.07204377
-0.057128143
-0.07476561
-0.100197904
0.019999266
0.009505704
0.014300689
-0.10467279
-0.14071265
-0.0830445
0.025461853
-0.26003063
-0.13737409
-0.23971818
-0.27984977
-0.27281561
-0.18323779
0.2168531
0.2574767
0.3041482
0.24396177
0.21563761
0.0934964
0.2688862
0.411085
0.41806287
0.6454455
0.7508108
0.9156889
1.113481
1.3083661
1.76707
1.845772
1.9676538
1.8929048
1.9261625
1.8974543
1.7064285
1.4200404
1.1916528
1.2739425
1.2168664
1.1681547
1.0639403
0.9868195
1.1192675
1.1198301
1.155092
1.1884376
1.162808
1.1993024
1.1860225
1.2341409
1.1639212
1.1602329
1.0782874
1.1192842
0.9596169
0.8966396
0.901021
0.65582347
0.7603587
0.52202594
-0.028246969
-0.036490828
-0.17327726
-0.10713648
-0.37677366
-0.7333795
-1.051047
-1.3462789
-1.4200119
-1.3550029
-1.2662674
-1.0376637
-0.7863774
-0.66360945
-0.68667567
-0.5086741
-0.50163525
-0.53226036
-0.4279021
-0.3542996
-0.30857712
-0.29950184
-0.34167337
-0.30420762
-0.32123774
-0.45453858
-0.4708802
-0.37987638
-0.18593071
-0.05680635
0.15046017
0.7555667
0.9349885
0.9304855
0.9304855
1.6829302
1.7893698
1.7276385
1.9563968
1.7728673
1.7602751
1.7602751
1.2568121
0.8721912
0.2835734
0.22107632
0.03384465
-1.8428805
-1.6074268
-0.09641913
1.352088
2.3903437
2.3390837
2.3394542
2.4133751
2.450392
2.76955
2.4838386
0.66482544
-2.1965714
-2.5788283
-2.164954
-2.0712256
-1.6594193
-1.4998541
-1.2422366
-1.0472634
-0.58112407
-0.1823548
-0.1823548
1.2235999
1.3726524
1.5280936
1.4060516
1.6560588
1.4262094
1.5672314
1.4428172
1.216457
1.4629478
1.1156014
0.75090134
0.19639267
0.005921282
0.06994082
0.21679191
0.569325
0.6793601
0.6413708
0.9116564
0.8493856
0.9041002
0.86867476
0.8954848
0.9378731
0.9696646
0.9878442
0.9561677
0.97272885
0.9518887
0.98981214
0.91816545
0.93106794
0.9912634
0.9746554
0.9693078
0.9694133
0.9620433
0.9842839
0.9300358
0.9240837
0.94411254
0.9859413
0.94127774
0.94127774
0.96331143
0.95929
0.9833708
0.9887502
1.0949829
0.8689872
0.6542484
0.7817402
0.97006464
0.9674083
1.0614482
1.009728
1.2027491
1.2562606
1.3135014
1.17081
0.9841683
1.1068981
1.1093128
1.1403718
0.9852985
0.96279645
0.9966394
0.98274016
1.0805796
0.966009
0.9020755
0.76635665
0.9677386
1.0432956
1.0274785
1.1325203
1.0882955
1.149555
1.308909
1.509126
1.7090545
1.2349155
1.3972691
1.5469894
1.715498
1.7784636
1.8555714
1.6702192
1.833277
1.8531493
2.074965
1.8002381
1.7558239
2.0771582
2.0087707
2.0524945
2.0093126
1.952698
2.0621662
2.2034757
2.131207
2.1069684
2.0283945
1.4324694
1.2108951
0.9673259
0.9205806
-0.12021441
-0.27620065
-0.31909293
-0.4294104
-0.5054757
-0.6262569
-0.55264807
-0.35098213
-0.542297
-0.46047956
-0.37370545
-0.3009038
-0.29857773
-0.5750756
-0.86094165
-0.8138393
-0.7743845
-0.71448547
-0.5495136
-0.5592688
-0.4775911
-0.4462691
-0.39883226
-0.23054689
-0.009734437
-0.006942272
0.8196571
0.7873429
0.9445585
1.0268071
1.0726826
1.1211535
0.9175433
0.9627981
0.9865935
0.999833
0.89742494
0.89742494
0.29617572
-0.010000125
-0.19558787
-1.1517564
-0.919745
0.9001808
2.1643264
1.9802089
2.0828664
2.315244
2.2943614
1.9178755
1.6522858
1.5502746
1.6715047
1.671054
1.8468857
2.0903568
2.312759
2.3158836
0.13802655
-1.8612803
-2.2872298
-2.0660996
-1.8996508
-1.0978743
-0.5898683
-0.30647182
-0.023108795
-0.05077134
-0.5163174
-0.8201505
0.7241292
1.0338216
1.152161
0.94114494
0.92186594
0.9198148
1.0689275
1.1960783
1.1190038
0.53831494
0.34658432
0.38064158
0.40070897
0.33515495
0.015586004
-0.06440218
-0.14085382
-0.26488888
-0.06634857
0.0061590895
0.0067123473
-0.07194749
-0.047084473
-0.08276218
-0.07393823
0.007716909
-0.10224807
-0.09437391
0.10542871
-0.03167197
-0.071618624
0.00666102
-0.023678325
0.5570007
0.47512203
0.52361834
0.52361834
0.14531903
0.59492725
0.87220085
0.86515045
0.5069085
0.6331173
0.5546694
0.2367949
0.21182193
0.54432917
0.80062896
0.5905088
0.87386966
0.8854028
0.72368014
0.6428803
0.535696
0.18639626
0.13535897
0.6373446
0.45894563
0.5953468
0.59149647
0.6697948
0.7323069
0.8152971
0.9152411
1.1111025
1.2658021
1.3353887
1.2863119
1.3660151
0.9626682
0.9125433
1.0654073
1.0508261
1.0634816
1.0666896
1.0971271
1.0948616
1.1250068
1.1726813
1.0505903
0.943666
0.7901467
0.74772555
0.74713576
0.8005342
0.77732146
0.7754073
0.7558352
0.84098995
0.80436933
0.8385584
0.8565283
0.7445501
0.84400725
0.80066967
0.8955705
0.8955705
1.0761962
1.0985852
1.1049812
1.0038714
1.029947
0.99592185
0.6928871
0.76668763
0.7766821
0.0862139
-0.008032009
-0.17575091
-0.47922426
-0.5053772
-0.91591763
-0.9002339
-0.87684965
-0.58079886
-0.6881039
-0.71113855
-0.70298606
-0.72982097
-0.6782627
-0.6223468
-0.48423785
-0.5603231
-0.44313622
-0.3339126
-0.29647464
-0.33425438
-0.36034352
-0.33522898
-0.31617498
-0.3156702
-0.34599495
-0.45786202
-0.3870154
-0.3885998
-0.31714517
-0.1281516
0.073339224
0.9385197
0.9647255
0.9615574
1.3350694
1.400522
1.412223
1.593493
1.826527
1.6383579
1.641504
1.1305225
0.7884772
0.22028421
0.20056744
0.16243972
-0.6377725
-1.7035542
-1.8195608
2.2168632
2.3134208
2.3009136
2.3019638
2.2337902
2.274332
2.4325411
2.6005855
2.2822964
0.619362
-2.302794
-2.6289182
-2.3067627
-2.064006
-1.8602369
-1.6816025
-1.440507
-1.3833449
-1.2227325
-0.8006442
-0.2967221
0.12438591
1.3030188
1.5752728
1.4096144
1.2963046
1.8417197
1.4329796
1.4484305
1.3102806
1.1392825
0.96756935
0.89677274
0.94881487
0.92934823
0.9776361
1.0236788
1.0214548
0.96363807
0.97194016
0.9424523
0.94567776
0.9649055
0.94480515
0.9439231
0.93351877
0.89657354
0.9643948
0.9468696
0.8992841
0.92369306
0.9374863
0.95409536
0.9792266
0.92943954
0.96867585
0.97511995
0.9599948
1.096108
1.1465833
1.2405186
1.2344174
1.2699026
1.1709793
1.2001418
1.1800903
1.1325623
1.1170316
1.1175296
1.203149
1.2975525
1.2477448
1.1426083
1.0490575
1.03745
0.85407555
1.0030377
1.0363834
1.1087081
1.1047654
1.0165143
1.0677001
0.9326713
1.071061
0.9318743
0.83721536
0.7278861
0.751976
0.7310231
0.7250198
0.77390826
0.9732697
1.1370983
1.2566592
1.3232247
1.4461515
1.3895496
1.4776955
1.3574004
1.0670873
0.998562
0.9146974
1.0715768
1.1088246
1.072454
1.007198
0.90261865
0.8877959
0.98905504
0.98905504
0.7530091
0.85481715
0.9470779
1.0809813
0.97951794
1.1419753
1.1444485
1.2405217
1.0988144
1.0365683
0.9157467
0.9580014
0.914027
0.54532397
0.83377486
0.53945005
0.76848006
0.46908057
0.11443107
-0.2769146
-0.39229876
-0.6928034
-0.9016676
-1.1755129
-1.2755115
-1.2859968
-1.3428338
-1.2510152
-1.1135949
-0.9249327
-0.69531786
-0.69235617
-0.7142393
-0.38128018
-0.5112554
-0.4840163
-0.4320631
-0.31223172
-0.31613967
-0.29616556
-0.2646423
-0.31396246
-0.34019732
-0.37669688
-0.4668681
-0.42104113
-0.26060414
0.059001222
-0.09147876
0.9444492
0.9444492
1.1316407
1.4093261
1.5294715
1.0065777
0.58900195
1.0949416
1.7988672
1.7979786
1.5793605
1.195775
1.0164142
0.65987265
-0.036293298
0.032660022
-0.06776887
-0.3953939
-0.6205943
-0.5672441
-0.9102489
-1.0497775
-1.2275941
-1.1973084
-1.2452176
-1.2929072
-1.3766568
-1.1225914
-1.2155004
-0.99088717
-1.0928408
-1.091232
-1.1610417
-1.0570669
-1.0165032
-0.73462474
-0.4637832
-0.19736257
0.070698425
0.25346518
0.3943305
0.42152166
0.68129396
1.0135156
0.97688234
1.094528
1.1532533
0.95562553
0.6169732
0.31890428
0.2896093
0.17841165
0.05622597
-0.06933137
-0.079148814
-0.16664648
-0.21458039
-0.31625897
-0.097779945
-0.026549242
0.046376973
-0.053486627
-0.104651146
-0.116616175
-0.08084813
-0.06189482
-0.044533253
-0.076459095
-0.031821415
-0.04261996
-0.03668788
0.046654463
0.06446509
0.06075363
0.21327831
0.2760924
0.30322546
0.35309273
0.37334293
0.32473552
0.6906654
0.8396189
0.6117168
0.62295014
0.45493114
0.22834207
0.36840504
0.4566431
0.5881552
0.44689965
0.47729057
0.8319239
0.78919077
0.62288725
0.49675214
0.17341019
0.15132137
0.10130033
0.18598868
0.18075578
0.18075578
0.24944492
0.6980145
0.8374267
0.80163634
0.77081275
0.7149831
0.8546914
1.1001819
1.1920735
1.5674005
1.27819
1.1999135
1.2908138
1.3224242
1.116756
1.0559279
0.98781013
1.0326159
1.0296097
1.0261879
1.1247239
1.1495357
1.2029014
1.0759525
1.1868466
1.3202467
1.346827
1.3986206
1.3769332
1.5209715
1.5940818
1.6764797
1.8290708
1.915349
1.8124284
2.0217133
1.955689
2.051055
2.0230017
1.9935882
2.0385973
2.1342878
2.1759245
2.134439
1.9373908
1.979331
1.9564881
1.7620022
1.2673833
1.0027772
0.88094795
0.72951967
0.2341222
-0.37035495
-0.42539388
-0.6350351
-0.7727219
-0.9711297
-1.1416883
-1.0112895
-0.98042697
-1.1073018
-1.1073018
-1.379822
-1.4684633
-1.5988232
-1.6435168
-1.5655031
-1.5343393
-1.4706377
-1.5367785
-1.2709231
-0.3947689
-0.64674354
-0.42489743
-0.46292895
-0.40065295
-0.35240728
-0.29926467
-0.30056703
-0.3135468
0.39586055
0.9064121
1.0290259
0.9351164
1.0210122
0.89676166
1.6669291
1.5504322
1.5784879
1.7356979
1.8410963
1.7370051
1.1841128
1.1837543
1.079335
-0.037939146
-0.055657223
-0.40778637
-0.46856213
-0.74108857
-0.7977679
-1.1926286
-1.4888829
-2.005631
-2.1630526
-2.277934
-2.4118443
-2.2284584
-1.8560834
-1.7432332
-1.653187
-1.3362198
-1.2198331
-1.2163017
-1.1566978
