-0.10035679
-0.30982172
-0.1126746
0.051315024
0.108232185
0.05987242
0.035713255
0.06366773
0.04560992
0.28645802
0.57311904
0.7508302
0.7921588
1.087224
1.2027743
1.1043584
1.2699983
1.2919323
1.456349
1.5420504
1.4243265
1.5398124
1.5086956
1.1726601
0.50270146
0.15315305
0.120379776
0.1427315
0.99228144
0.84860176
1.0456191
0.8334827
-0.21613209
0.52114975
1.1455853
1.7730253
1.7623444
1.9687467
1.5130644
1.4059331
1.5580602
1.7387753
1.8721173
1.2842563
1.1456416
-0.0580072
-0.2942112
-0.5882425
-0.44858468
-0.38693935
-0.25009876
-0.23935047
-0.26022333
-0.34101975
-0.28313425
0.6827467
0.53292257
1.2548175
1.4903805
1.4499737
1.4499737
2.30691
1.4395845
0.4403212
0.27134138
-0.6315466
0.88856864
1.1041539
2.3578002
1.831049
1.2455761
1.4543765
1.5237063
0.6904633
0.21417935
0.61490476
-0.05449963
-0.067910634
-0.07934368
-0.07203777
-0.10310221
-0.16065443
-0.28344992
-0.35219237
-0.14805043
-0.15659401
-0.15659401
-0.6080193
-0.37918127
-0.30327755
0.26991475
0.87135047
0.98025525
0.7438977
1.1396875
1.1823127
1.4562621
1.3172712
0.9473777
1.0222541
1.3596829
0.92851746
0.9167464
-0.4754737
-0.67378616
-0.37162805
-0.4829399
-0.41928476
-0.28684074
-0.3089835
0.21794693
0.69581544
1.038804
1.0749886
1.2315769
1.5485578
1.5081654
0.93461895
1.793858
1.7535524
1.56011
1.4283433
1.1625938
1.2424666
0.99031234
0.93998337
0.9050356
1.5167316
1.0056823
0.98333406
1.0622567
1.0771308
1.2777498
1.1616889
0.8373019
0.105242
0.13566656
-0.40220642
-0.9444445
1.2811513
0.49596095
0.49596095
0.49596095
0.49596095
0.49596095
0.49596095
0.5996512
-0.80096585
-0.47602683
0.67997825
1.2558309
1.723803
1.6821969
0.13406093
-1.7913635
-1.7726722
-0.7569635
-0.29861492
-0.14789888
1.1939962
1.4368417
1.6045518
1.2814549
1.7978832
1.4365678
1.6932006
1.2077132
1.0176437
0.23883452
0.0313565
-0.11904737
-0.35364985
-0.5942165
-0.5574367
-0.49339104
-0.5044802
0.19252835
-0.64615196
-0.67232406
-0.49970222
1.3255297
1.439913
1.6450859
1.6996887
2.0727334
2.1151907
2.0451803
1.8298777
1.4078703
1.152288
0.6984519
-0.48123735
-0.39257896
0.34612125
1.4017663
1.1207216
0.39206457
0.7047732
0.92935157
0.91947293
0.96755755
0.96755755
1.178024
1.1987563
0.9060104
0.74651384
0.2840805
0.56779534
0.20142443
1.000536
1.1811981
0.41391802
0.691632
0.22606568
0.60186905
1.6759453
0.62237513
0.82448894
0.8618435
1.7258191
1.44771
0.71530426
0.55923223
-0.052639645
0.15012603
1.7356277
1.8420031
1.6590981
1.792381
1.4380115
1.2488791
1.322495
1.2994096
1.3315668
0.66885424
0.4691699
0.57851076
1.046665
0.26978958
-0.38883817
-0.52722585
-0.6976658
-0.72258306
-0.36104786
-0.5033957
1.0342371
1.4640026
1.2300794
1.1572237
2.1299996
2.5090663
2.5090663
2.5474944
2.2011127
0.10028076
0.27896672
1.5989978
1.9196367
0.47366637
-0.045706905
1.194268
-0.12797733
-0.10169823
-0.30111808
0.9983368
0.8472994
-0.027668253
0.1429071
0.18821965
0.5276578
1.5144377
1.228532
0.7864378
-0.050052144
-0.050052144
-0.30582792
-0.42446488
-0.032308713
-0.4594503
-0.50138265
-1.0082781
-1.2718627
-1.025436
-0.67578495
-0.62262595
-0.2060175
-0.16129239
-0.022560164
0.027290478
0.08943592
0.38403523
0.19047154
0.10652165
0.0133704245
-0.11219376
-0.070880815
0.012225732
-0.41215414
-0.57000804
-0.30254114
0.5629289
-0.33699906
-0.73944426
-0.432221
-0.46248543
-0.15161692
1.2365963
1.9322624
2.0604994
2.0604994
1.6038651
1.319931
1.319931
0.7523761
0.9826207
0.81018895
0.8806994
0.45468736
0.000885807
-0.30888098
-0.43625998
-0.5540868
-0.36351174
-0.25359225
0.7337
0.90007424
1.6986129
1.955471
1.3011768
1.8153783
1.688056
1.6042523
2.2649684
1.7177291
2.1073694
1.6339853
1.6770859
1.8367854
1.4631815
1.192425
1.240417
1.2790158
1.3372705
1.3059652
1.4034079
1.3795696
1.2784079
1.2460828
1.2460828
1.3137984
1.2178032
1.198025
1.1208634
1.1573076
1.1265693
1.1143103
1.1927874
1.1779305
1.0516427
1.1221819
1.2109582
1.1697845
1.0197769
1.1230819
1.4002626
1.1032747
0.8485695
0.46105707
1.040662
0.6467954
0.8341671
0.8144437
1.2731127
1.1618762
1.1729474
1.505225
-0.47005057
-0.1671539
0.843043
0.7105223
0.9273746
1.2085185
1.4652891
1.7415572
1.5614607
1.6246319
1.9419322
1.8244488
1.7831488
1.7216674
1.6745864
1.9677405
1.633384
1.4600297
1.4151115
1.1907153
1.2576128
1.5766138
2.0407636
2.0407636
2.026042
1.5511076
1.4533364
1.3589969
1.1932675
1.4652064
1.3032337
1.2519983
1.1491019
1.5156969
1.5869422
1.5883181
1.699297
1.6387273
1.9809036
2.0899625
2.013991
0.8135588
-0.03760928
0.008534536
-0.6394472
-0.8252374
0.9399835
1.7169023
1.6634194
1.5986583
0.49596095
0.49596095
0.2237071
0.17084016
0.6364265
1.0646529
1.707653
1.4794445
1.6665785
0.40681934
-1.4550432
-1.7599334
-1.2838551
-0.44243062
-0.37768
-0.3651374
0.44064802
1.1699362
1.2262442
1.4960368
1.2529354
1.4263726
1.5840341
1.3888499
0.4084949
0.30861855
0.778751
-0.17970201
-0.31095314
-0.14537749
-0.14537749
1.3719454
-0.43301016
-0.4128672
-0.4769153
-0.09156688
1.1438084
1.9360063
2.007203
1.8658838
1.8320527
1.5028889
1.3199726
1.0618784
0.7963511
0.94228435
-0.1804337
-0.24172582
-0.3524209
-0.49970728
-0.5045241
-0.46938276
-0.3671981
0.4019127
1.3344512
1.6084846
1.4867857
1.6983342
1.8065395
1.8427427
2.1579328
1.6737605
1.9356191
2.1932838
1.663763
1.0735166
1.9055941
1.485743
1.2992241
1.1268208
1.2579937
1.1630248
1.196991
1.188179
1.1908164
1.0705243
1.2187626
1.3164233
1.2065666
1.2737858
1.1800811
1.1948647
1.2060618
1.2056419
1.2001779
1.1488392
1.1329718
1.0618637
1.1289184
1.0859548
1.1759421
0.89891315
1.1101
0.92916894
0.26935393
0.039869443
-0.021798797
0.13603158
0.009775162
0.0912341
-0.093543746
0.3137673
0.9850466
0.81531024
0.81531024
1.0928924
1.0928924
-0.7075733
-0.50713044
-0.20697595
0.081709936
0.7814164
1.4153824
1.396182
1.3784508
1.5760648
1.3993826
1.1359365
1.3505149
1.2720723
1.727843
1.494405
1.494405
1.2198054
1.1715217
1.2831614
1.7380179
1.9267983
1.9741406
1.9930518
1.8955393
1.5547017
1.411243
1.2416364
1.6121781
1.7070005
1.6841793
1.3589311
1.4469558
0.74670315
1.6086941
1.6086941
1.8151876
1.8370163
2.1362865
2.0127854
0.85419214
-0.05055511
0.21328492
-0.35374534
-0.9455615
-0.026078075
1.6263101
0.49596095
0.49596095
0.49596095
0.49596095
0.49596095
0.49596095
-0.56173444
-0.47147584
0.65430975
0.65430975
1.6064103
1.558696
1.9674108
1.7783511
0.115785435
-1.9022281
-1.913555
-1.7240877
-1.0579381
0.37286526
0.6552851
0.31611967
0.6546284
1.1509595
1.3722863
1.2956731
1.3050108
1.4827473
1.5289916
1.5485773
1.3750278
0.98898005
1.0273448
1.0824552
1.4805796
-0.7006769
-0.5586402
0.8670579
1.2998672
1.5392745
1.649512
1.805084
1.9957366
1.7052999
2.0353308
1.7673581
1.6099334
1.5665599
1.4191061
0.9242234
-0.14271185
-0.6596154
0.40612447
1.4030226
1.2106092
0.9239981
0.34077728
-0.162837
0.54523516
1.3275928
1.26329
1.3060293
1.1161047
1.1222668
0.8158822
0.5815579
1.0393542
0.6109843
0.837937
1.0874559
1.0862408
0.7730101
1.217387
0.56045604
0.19468798
-0.19962274
1.0105393
1.2821978
1.6815249
1.0124841
1.0659457
2.1690984
1.7324735
1.7189891
1.3218193
-0.04936134
0.4292587
2.2614865
1.2943115
1.3020815
1.2571764
0.8868246
0.6637246
0.7510725
0.18131132
-0.019846179
-0.028931856
-0.040462054
-0.12671722
-0.17724305
0.07098605
0.3624727
-0.039587356
-0.1259921
-0.64676327
-0.42965776
-0.78719383
-0.78222704
-0.42826974
-0.48891747
-0.5494878
-0.49253112
0.061727732
0.7901476
1.0388747
1.3009342
1.3698072
1.2016759
0.8294399
1.5295316
1.3141593
1.3950425
1.9311361
2.0511448
1.9187899
2.1172776
2.6650927
2.5552223
2.679535
2.679535
2.0574768
2.0574768
1.4010541
-0.9985092
1.9391158
-0.106998086
1.4050759
0.29617614
-0.26234895
0.13294499
-0.11579853
0.54766685
1.2774408
1.7884879
1.4675186
1.0767419
0.98682785
-0.056226224
-0.053960457
0.043156296
-0.3012787
-0.3012787
-0.46031457
-0.124940604
-0.26792777
-0.41514277
-0.9290104
-1.0455607
-0.96756387
-1.0119632
-0.84401935
-0.8950833
-0.8161824
0.011741176
0.3734395
1.1083844
1.2538884
1.2914424
1.4488871
1.4558295
1.5314069
1.3936148
1.4714036
1.488605
1.488605
1.2586873
1.2449086
1.1130126
0.9943347
1.2556865
1.3494496
0.35532922
-0.16969118
0.37299412
0.6246941
0.947623
1.6948098
2.2119527
1.5483937
1.7902884
1.6013126
1.4524133
1.4524133
1.5161067
1.9239984
1.5203099
1.5415812
1.269344
1.0722723
1.1705432
1.0374312
0.45454812
0.95222616
0.54654443
1.0973786
1.1114371
0.9380672
1.3616765
1.727012
1.6354699
1.4818039
1.8120936
1.7643224
1.7040017
1.5929517
2.0699859
1.8859992
1.9648535
1.4681797
1.3091139
1.4057313
1.4712292
1.4840808
1.5872426
1.5872426
1.3820083
1.338179
1.3315033
1.4216086
1.558626
1.4136543
1.5381895
1.4202623
1.8192103
1.6749315
1.6006305
1.421398
0.94284546
0.9756632
1.0188675
1.0397371
1.2220324
1.5243921
1.0776346
1.3673569
0.3474778
1.3320482
1.2471404
1.4863362
2.1485295
2.3027406
1.9491577
1.3704793
1.3298397
1.2810824
1.3026516
1.2299365
1.3401694
1.3315113
1.2918975
1.3886824
1.3171147
1.3618802
1.2783324
1.3447416
1.2831235
1.2160949
1.1640052
1.1640052
1.2192249
1.210638
1.151073
1.1584959
1.1337073
1.2885699
0.72166544
-0.59699595
-0.6670202
-0.6201138
-0.8513263
-0.9434166
-1.192167
-1.1908153
-0.7558993
-0.4734047
-0.8376334
-0.7614452
-0.7749257
-0.77769196
-0.802598
-0.7503627
-0.5069512
-0.4380166
-0.39518797
-0.4217056
-0.44206733
-0.38168466
-0.32319778
-0.31623822
-0.3137107
-0.34031898
-0.3450272
-0.43013918
-0.39412397
-0.08798587
0.43403637
0.8587516
1.0491236
0.9545754
1.2619388
1.5652876
1.4604223
1.2340546
1.6782329
1.7407649
2.232263
1.5225068
2.3268058
1.0024004
0.1751389
-0.0847552
-0.2675356
-0.735299
-1.425782
-1.3697363
-1.0122644
1.6044362
2.2214398
2.4284084
2.0159583
0.7974309
-0.27990314
-0.9127804
-1.6782007
-1.8398821
-1.4764316
-1.4055929
-1.0524348
-0.98708606
-0.83070266
-0.20206267
-0.73223126
-0.43606085
-0.44408727
-0.37791997
1.3738778
1.3738778
1.2125224
1.4736868
1.3928229
1.6431825
1.6722023
1.4655366
0.6263784
-0.019786656
-0.019786656
-0.036439255
0.28258628
0.7603076
1.4362488
0.21280517
-0.07155238
-0.29440188
0.07027538
0.77010643
1.0298674
1.0646465
1.4909691
1.5125706
1.8187046
1.1043025
0.7912318
0.7520612
0.2801302
-0.23782566
-0.16183633
-0.242259
-0.20353025
-0.22791985
-0.23435736
-0.30485398
-0.09103689
0.39313853
0.776402
0.7345351
1.2635996
1.5349623
1.604095
1.6829236
1.6829236
1.2615227
1.5058222
1.6580006
1.4479791
2.0338516
1.8496692
2.1080055
1.9144678
1.5560086
1.4322252
1.6872789
1.7662885
1.7481247
1.6190765
1.338558
1.3443654
1.4620109
1.4069924
1.4000015
1.3451266
1.4698434
1.4437445
1.3885412
1.0827835
0.8732099
0.71707916
0.9745252
1.7009041
1.8883355
2.1142054
2.0839088
1.56602
1.9060726
1.4846414
1.7994359
1.9993677
2.0650554
1.8804944
1.3652678
1.4211228
1.4942305
1.6287956
1.2777128
1.2260587
1.1718668
1.1718668
1.213316
1.1917447
1.2345281
1.1997988
1.2507496
1.253637
1.255166
1.278171
1.2763726
1.4171839
1.3638945
1.2855253
1.1097088
1.2836764
-0.4021476
-0.6135441
-0.84984845
-0.9019793
-1.1549945
-0.60196275
-0.35845983
-0.35219783
-0.28878886
-0.31151432
-0.4213993
-0.637547
-0.6951198
-0.6578864
-0.5471412
-0.45493954
-0.43003386
-0.4408763
-0.39391708
-0.3589505
-0.31664932
-0.28606015
-0.2948777
-0.27842927
-0.2812486
-0.23863046
-0.23863046
0.49841976
0.66880566
0.86151695
0.9024582
1.086215
1.4360579
1.3602607
1.4386017
1.3748413
1.7226444
1.7226444
2.0964959
1.7957743
1.9179316
0.6848841
0.039095327
-0.15287186
-0.40744525
-1.3320966
-1.0688764
0.21116845
1.9364691
2.1309805
2.3385167
2.2648404
2.4575438
1.654557
1.2196158
-0.20037094
-1.0185703
-1.9046869
-1.8422068
-1.578891
-1.2343607
-1.0856587
-1.0330868
-0.58748007
-0.80339956
-0.80339956
-0.42320645
-0.37465888
0.15790285
1.4805532
1.2803638
1.3149812
1.3958337
1.5130987
1.5603151
1.6031697
1.656412
1.7090728
1.5278797
1.2037983
1.28241
1.0128177
0.9533316
1.4686819
-0.38868237
-0.47286737
0.70259154
1.2958708
1.7199557
1.7762961
1.4879073
1.6541187
1.6479893
1.4356945
1.6268293
1.5756385
1.5756385
1.1538887
0.75910866
0.5991696
-0.00070697814
-0.20437823
-0.21528614
-0.25775394
-0.24341151
-0.20459767
-0.24913234
0.6518092
1.0177609
0.9595065
1.317818
1.6728481
1.7932518
1.6757696
1.5152957
1.9086146
1.8874097
0.89707994
2.129233
1.4560874
2.036334
1.9221349
2.2025151
1.7026193
1.1224319
1.637522
1.5980766
1.4996607
1.3833268
1.1917385
1.1514337
1.1816155
1.0913149
1.1423675
1.0370812
1.0961196
1.0943117
1.1673361
1.1020969
1.100663
1.0010362
0.53831077
0.34773457
0.5553812
0.50610423
0.8897891
0.8897891
0.84925145
0.9527128
0.74280226
0.7147052
0.82678074
0.81744343
0.9722432
1.172225
1.2817575
1.3269069
1.0238433
0.96297634
0.92612815
0.97929716
1.059891
1.0706125
1.0450733
0.8974774
0.8330884
0.90769315
1.0847292
0.95638084
1.0638242
0.946632
1.0660908
1.0366809
0.767882
0.622511
0.77208173
0.8330608
1.0234632
0.8516059
0.22177832
-0.47790545
-0.47581458
-0.39592665
-0.4079861
-0.52756745
-0.7046273
-0.5724086
-0.51667786
-0.50474197
-0.50350064
-0.5218345
-0.48336625
-0.5052965
-0.54911965
-0.574045
-0.589379
-0.41504467
-0.3859672
-0.30261916
-0.22060022
-0.15842088
-0.1554247
-0.15346013
-0.1302479
-0.14819586
-0.13874504
-0.075691715
0.18016146
0.43992603
1.0139321
0.99899554
1.2093467
1.26537
1.3347676
1.4218347
1.8491759
1.9846761
2.0849237
2.123352
1.0792012
0.8508585
0.0059439614
0.052666143
-0.28913766
-1.33118
-1.33118
2.0367708
2.0367708
1.9925504
2.0630493
2.2946796
2.404611
2.5050857
2.6752284
2.2165334
1.1376086
-0.41050947
-1.2439659
-1.1451087
-1.9482615
-1.9345791
-1.8490946
-1.6896424
-1.4718556
-1.2542875
-1.2063386
-0.78702307
-0.36111373
-0.14047998
-0.04743372
-0.02018243
-0.02030173
0.13416682
0.42316085
0.27524674
0.0043575764
0.8229917
0.9515557
0.7610585
0.72989076
-0.45662856
-0.41911072
-0.19582626
0.25042248
1.0501273
-0.37853038
-0.47959232
-0.3178673
-0.23003073
-0.23003073
0.2630723
0.97520316
0.9039223
1.1569542
1.2225423
0.59841967
0.34409332
-0.056602333
-0.30353397
-0.25655928
-0.24728589
-0.4982918
-0.6389923
-0.60827357
-0.24655953
-0.22348046
-0.15920982
-0.36187845
-0.28716522
-0.28716522
-0.36495513
-0.45612806
-0.4690913
-0.4675541
-0.4720015
-0.54862326
-0.5294135
-0.5454091
-0.26240614
-0.57304734
-0.44874132
-0.5829012
-0.34362942
-0.32249737
-0.14423633
0.17058416
0.55528367
0.785429
0.93712926
1.1986084
1.0648617
1.1469655
1.1712272
1.2064223
1.0825441
1.2106299
1.1548276
1.1786758
1.2286384
1.0733552
1.1914883
1.2581663
1.1944847
1.230499
1.3192428
1.3117658
1.3020401
1.1690727
1.0270691
1.1629877
1.1386204
1.0642005
1.188838
1.0678539
0.8969257
0.84253734
1.2929777
1.2023144
1.240347
1.1559641
1.1343994
1.1951094
1.3180976
1.2573481
1.1896021
1.2102818
1.1998676
1.1619254
1.2044067
1.1694326
1.185662
1.1656716
1.1919091
1.1864357
1.2760968
1.2251418
1.0861914
1.082027
0.30056852
-0.5272742
-0.8882154
-1.1843967
-1.1843967
-0.34988213
-0.71160764
-0.7007256
-0.70488286
-0.77245975
-0.5868906
-0.61949474
-0.60536754
-0.66396284
-0.5950959
-0.403175
-0.059645236
-0.111330986
-0.14655685
0.111470506
0.12513913
0.11731878
0.11731878
0.21276458
0.045424864
0.5260395
0.7623415
1.0077982
1.1396017
1.2340801
1.3954855
1.3056518
1.4062798
1.4062798
2.1472611
1.9044845
2.306931
0.85845405
0.32082385
0.019171417
0.07145782
-0.38124323
-0.81431246
-1.316854
1.2624125
2.1083798
2.1096873
2.1092992
2.0037024
2.3321557
2.53157
2.771752
2.4517336
1.2910607
-0.1417197
-0.86678565
-1.3501531
-1.6523267
-1.7618093
-1.7333755
-1.7239428
-1.5296755
-0.89833146
-1.0287775
0.6024952
1.0579326
1.1649094
1.1638869
1.2556748
1.1143845
1.0261108
1.2888744
1.4258367
1.5733069
1.4038327
0.13179536
-0.0019491017
-0.041477673
-0.034143858
-0.03786494
-0.0020315945
1.0712364
0.9712763
0.9640422
-0.19631775
-0.3555702
-0.2946538
0.9579154
0.9579154
1.4811772
1.6859933
1.5484707
1.7257212
1.7157283
1.5558996
1.4586432
1.0904882
0.84133637
0.84081334
1.0244846
0.72880405
0.72880405
0.74305683
0.48897058
0.04082015
-0.21109195
-0.2967326
-0.27622485
-0.046516553
0.6468604
0.85615015
0.76085734
1.3383391
1.5080009
1.9038215
1.5812095
1.5207129
1.5248191
1.8095522
1.6175522
2.096332
1.7432654
2.22453
1.9076204
2.109089
2.053306
1.0927689
1.0927689
1.8755795
1.6427077
1.802677
1.8234203
1.8234203
1.9636736
2.0004673
1.896141
1.8855729
1.6396955
1.6819274
1.7280105
1.8886604
1.5865371
1.5865371
0.8928193
0.5483304
0.93259037
1.309572
1.2701409
1.2977192
1.5956686
1.6534319
1.5593065
1.676634
2.066284
2.3507485
2.43895
2.3518836
2.5823417
2.6233425
2.315175
2.3707938
2.4052305
2.2889395
2.2519538
1.9007564
2.0811894
1.692471
2.1681604
2.1121383
1.836427
2.009655
2.0772066
2.0651307
1.8967242
2.0736465
2.0413737
1.8014076
2.0639403
1.8927174
1.9602394
2.097763
2.1414614
1.8589251
2.0335777
2.0366309
1.8835301
1.9420354
1.9469461
1.9377518
1.8201365
1.5892367
1.6828191
1.9157681
1.6277956
1.720761
1.7507792
1.9174743
1.4283435
1.8317599
1.8704054
1.8022742
1.8246727
1.3463247
1.0957983
0.98749804
0.16373654
0.23926897
-0.06399262
-0.23617747
-0.24769758
-0.3666547
-0.5436339
-0.6625022
-0.6625023
-0.69784665
-0.6840601
-0.65499175
-0.5136748
-0.3187536
-0.31122828
-0.32011414
-0.31727982
-0.34187102
-0.30448264
-0.27962762
-0.2950253
-0.38325495
-0.38482338
-0.43608123
-0.42514318
-0.4223416
-0.42949963
-0.4823798
-0.39371908
-0.5932923
-0.617437
-0.61684966
-0.61684966
-0.5373876
-0.46126235
-0.412364
-0.40024006
-0.35242724
-0.29154623
-0.24829112
-0.24980927
-0.17201146
-0.076889314
-0.07583049
0.45351958
0.89350295
0.95686364
0.95200753
0.9103153
0.8471999
1.0650651
-0.049527444
0.87442136
0.87575287
1.3309441
1.7316692
2.0143127
2.1508594
1.5924459
1.891994
1.7751598
0.8355978
0.09410076
-0.057577636
-0.109699175
-0.48420143
-0.71762997
-0.64587003
-1.0311573
-1.5364995
-1.014211
-1.4561796
-1.3519461
-1.5406134
-0.16574979
-0.4107015
-1.314801
-1.2522264
-1.2522264
-1.7247984
-1.7247984
-1.739999
-1.5129142
-1.1654456
-1.1654456
-0.61965257
-0.9358958
-0.7395131
-0.5878685
-0.52438927
