-0.5722662
-0.61060315
-0.7910717
-0.7559974
-0.8594632
-0.65305823
-0.52391136
-0.70386106
-0.67278224
-0.63797575
-0.6794919
-0.65239197
-0.7880014
-0.7870884
-0.53738767
-0.146588
0.26289368
0.52519405
0.53001803
0.88877165
0.9154049
0.967754
0.9075192
0.98946214
1.0612212
0.73817
0.58801186
0.022510484
-0.044997998
-0.0074817687
-0.06120358
-0.082282916
-0.06774618
-0.020312302
-0.13516632
0.21706457
0.09112336
0.13951926
0.08317155
0.08384149
-0.010225646
-0.17148821
-0.34671247
-0.663404
-0.4101112
-0.5943279
-0.6958885
-0.8078255
-0.8304163
-0.8534219
-0.7759234
-0.7129898
-0.8512808
-0.9558252
-0.8909775
-0.8775685
-0.55467653
-0.48865002
-0.48865002
-0.56622654
-0.24693534
-0.60026866
-0.6447014
-0.7039751
-0.79169667
-0.69926167
-0.9201409
-1.1347709
-1.2478452
-1.429666
-1.5094587
-1.4642286
-1.5887817
-1.4372175
-1.1392134
-0.9080627
-0.83306587
-0.5128928
-0.3424228
-0.21801734
-0.06760116
0.4570142
0.6430024
0.040916726
0.004744515
-0.08241646
-0.25006628
-0.37735635
-0.36945838
-0.5128752
-0.6912899
-0.63641965
-0.61424106
-0.4600261
-0.81003207
-0.8332081
-0.7705056
-0.79752755
-0.79752755
-0.77100277
-0.7319233
-0.6674766
-0.6278381
-0.5329957
-0.32053453
-0.056724
-0.010396779
0.06599425
0.10348098
0.07553753
0.10695943
0.10476962
0.070120364
0.061525837
0.17542876
-0.108745344
-0.17921893
-0.2842632
-0.3904103
-0.51793694
-0.6363646
-0.6500138
-0.7008632
-0.6946623
-0.66084915
-0.53863615
-0.66206914
-0.6106596
-0.7129536
-0.74928975
-0.9162845
-0.93817186
-0.8150848
-0.7910923
-0.766199
-0.8375992
-0.7321094
-0.91176367
-0.6946593
-0.64530826
-0.64530826
-0.6289123
-0.13301894
-0.013308078
-0.032040074
0.057171926
0.06745435
0.06745435
0.040869445
0.03466268
0.05373843
0.04434587
0.018454656
0.22444622
0.16073506
0.051929295
0.012540877
0.04790029
0.01374191
-0.06645455
0.0025977194
-0.07497725
0.084401265
-0.06089327
-0.048562504
-0.033453867
-0.0028580353
0.1569754
0.032870457
0.12312554
0.11278583
0.19985853
0.2104419
0.30916548
0.2770536
0.23907171
0.15415736
0.102249816
0.1275434
-0.23394865
-0.23394865
-0.2390172
-0.17285924
-0.19644877
-0.33268884
-0.37342542
-0.45860016
-0.6151299
-0.9473431
-1.0088668
-1.2328763
-1.2752504
-1.1883736
-1.1525774
-1.3276558
-1.4322946
-1.5841508
-1.4704704
-1.6352781
-1.5282426
-1.6168865
-1.5482548
-1.4646689
-1.3006366
-1.0091709
-0.76786685
-0.8327878
-1.111648
-0.98651195
-1.2492667
-1.2599685
-1.313409
-0.8663956
-1.0123817
-1.0043365
-1.0150174
-0.82462406
-1.1190269
-1.0907452
-0.9891412
-1.0810983
-0.9218671
-0.5129959
-0.536734
-0.1261759
-0.010259777
0.119026944
0.53509796
0.68023753
0.90642226
0.69736236
0.55837774
0.7738954
0.03242606
0.0415266
0.06492071
-0.025323153
-0.21368375
-0.5181325
-0.64658535
-1.0138742
-0.94158465
-1.1218243
-1.335372
-1.4003109
-1.4047111
-1.5217385
-1.5163733
-1.4189634
-1.466049
-1.4844015
-1.4169846
-1.1228403
-1.188437
-1.1094713
-1.2228186
-1.3059007
-1.2229829
-1.1485735
-1.190011
-1.0716197
-1.0789422
-1.0030673
-0.7838584
-0.62740207
-0.87204254
-0.8845235
-0.8845235
-0.8214427
-0.8679249
-0.82747674
-0.9945835
-1.0211917
-0.98723525
-0.8783846
-0.8567575
-0.74126244
-0.34048888
-0.26937848
-0.22686744
-0.2646218
-0.17104705
-0.119313695
0.02513118
0.0015122741
-0.21496537
-0.2764906
-0.37465984
-0.4526335
-0.59719443
-0.8002675
-0.8002675
-0.7743108
-0.6197101
-0.61278695
-0.7207329
-0.7853101
-0.84202474
-0.919917
-0.768095
-0.6338773
-0.7031314
-0.7348516
-0.6305222
-0.8427962
-0.882033
-0.82384914
-0.7753893
-0.7271614
-0.9414442
-1.1263767
-1.335966
-1.3449703
-1.3883371
-1.349405
-1.2788635
-1.0475748
-1.1916972
-1.191721
-1.0206043
-0.6278763
-0.5696389
-0.69865346
-0.7353257
-0.49387538
-0.631125
-0.7447343
-0.7327135
-0.89585084
-0.80680734
-0.7818737
-0.85597897
-0.7168233
-0.96054184
-1.0054473
-0.87617886
-0.87617886
-0.8912812
-0.86565936
-0.5951548
-0.28155288
-0.23983698
-0.1056049
0.02448897
-0.0027066916
0.11935221
-0.055187732
-0.36896652
-0.36896652
-0.48847443
-0.55870694
-0.7474382
-1.0741763
-1.0414951
-1.0055763
-1.0211387
-1.0203549
-0.7503859
-0.59137464
-0.8899001
-0.8416887
-0.79210633
-0.835591
-0.7926588
-0.7944603
-0.52533364
-0.47314322
-0.57843775
-0.22434673
-0.031334348
0.009653613
0.002221316
0.07529621
0.11996241
0.11996241
0.07264528
0.13632359
-0.0083247125
-0.106422655
-0.0960582
-0.17451109
-0.118245415
-0.11444735
-0.12179452
-0.120249555
-0.11690641
-0.07955927
-0.32258287
-0.20758846
-0.33641678
-0.3442162
0.0011686683
-0.24587597
-0.05881629
-0.013395533
-0.014522232
-0.05494544
-0.035831302
0.042924255
0.030763492
0.0702171
0.05703135
0.08102816
0.2671799
0.19569673
0.04122649
0.21058057
0.27840066
0.16811208
0.24561171
0.14310671
0.06603871
0.13114448
0.07094549
0.017968908
0.04338251
-0.08580224
-0.090383485
-0.0822258
-0.0884745
-0.08641778
-0.18481165
-0.45374578
-0.4355287
-0.5626591
-0.626624
-0.44971615
-0.24939239
-0.14392625
-0.2786634
-0.06581755
-0.10691738
-0.071860194
-0.12011455
0.058231413
0.058231413
0.08198795
0.090753585
0.104675785
0.104032636
0.104032636
0.1775697
0.08597875
0.32248902
-0.014406882
-0.24428716
-0.2884351
-0.33212024
-0.24071999
-0.2852499
-0.32814825
-0.3971792
-0.40519112
-0.5055707
-0.61452115
-0.58431727
-0.7658001
-0.7858443
-0.8183285
-1.0380489
-1.2686205
-1.2814016
-1.2814016
-1.1717514
-1.2296469
-1.2464552
-1.2877014
-1.3122205
-1.4254773
-1.4942428
-1.7232322
-1.688098
-1.7865686
-1.8279803
-1.9330548
-2.0550911
-1.9323039
-1.7566644
-1.7035303
-1.6561617
-1.605793
-1.5469177
-1.6055477
-1.517541
-1.2704873
-1.1099466
-1.5052702
-1.7705684
-1.7280648
-1.5753605
-1.2403818
-0.9406055
-0.020421155
0.15683754
0.69868165
1.0987906
1.1675137
1.3678794
1.2540352
1.1027846
1.2448239
1.4484558
1.7516372
1.7287782
1.2457682
1.0708556
1.0708556
0.8340942
0.8652227
0.76761854
0.76761854
-0.056527443
0.003024079
0.08907643
0.12365152
0.14842816
-0.013311207
-0.30333185
-0.4094392
-0.43118703
-0.3142898
-0.5358311
-0.34937257
-0.11451498
-0.040196225
-0.044728167
-0.040610097
-0.070345275
-0.030754074
-0.19092228
-0.3427043
-0.3427043
-0.6108541
-0.6792929
-0.6403747
-0.58713007
-0.8687012
-0.8502635
-0.91238034
-0.7820157
-0.6981585
-0.8400967
-0.80080795
-0.36563414
-0.19748276
-0.14588879
-0.1462998
-0.120429024
-0.09780237
-0.013165101
0.09240848
0.023592934
-0.21912359
-0.36804497
-0.58921486
-0.63336265
-0.6312572
-0.55277383
-0.5028216
-0.6942473
-0.70913774
-0.8517144
-0.940007
-0.7934233
-0.58711207
-0.6987939
-0.65348744
-0.6270168
-0.81417984
-0.9257294
-0.83241016
-0.8320969
-0.7627262
-0.7627262
-0.99491346
-1.1174966
-1.1248246
-1.1912761
-1.1706269
-0.99244946
-1.0487785
-0.9860078
-1.1098917
-1.106246
-1.0669607
-0.93229496
-0.9777922
-0.782605
-0.6902935
-0.74060607
-0.6798444
-0.8533808
-0.8311943
-0.78361225
-0.77665204
-0.9006407
-1.0843078
-1.2652237
-1.318378
-1.3047496
-1.3100877
-1.086347
-0.97623855
-0.86439645
-0.8118533
-0.34442097
0.008617535
-0.053487998
0.57328653
0.31654954
0.88527936
0.022232652
-0.025728539
-0.12971826
-0.23214039
-0.21669206
-0.39169836
-0.67211276
-0.6699736
-0.65267015
-0.64886725
-0.73825943
-0.7113815
-0.7799109
-0.82549495
-0.6657441
-0.6825099
-0.51289546
-0.46720606
-0.34183562
-0.03721071
-0.038277388
0.04402575
0.0796857
0.3462082
0.4572271
0.4235258
0.24939461
0.24652256
0.1468653
0.54577583
-0.040985063
-0.09599984
-0.10672406
-0.10898852
-0.27464724
-0.24659972
-0.405433
-0.4627825
-0.64200175
-0.622871
-0.6442083
-0.65232474
-0.714135
-0.7589866
-0.77079713
-0.7075547
-0.7090584
-0.75444615
-0.6651447
-0.7095255
-0.6786374
-0.77702665
-0.69796723
-0.59788
-0.5292081
-0.5625157
-0.25544876
-0.026574299
0.033194587
0.05649966
0.03622158
0.010071263
0.08710456
0.11119622
0.107764855
0.076727375
0.34021974
0.094662145
-0.07859875
-0.06394671
-0.057631925
-0.06371494
-0.03905496
-0.07249941
-0.10302433
0.052990705
0.0104896575
-0.46386218
-0.3397655
-0.53010833
-0.5119908
-0.33958507
-0.16296797
-0.31956804
-0.44894964
-0.032173112
0.06313476
-0.048860542
-0.06796296
-0.041708797
-0.19985226
-0.093807675
-0.28890848
-0.49812222
-0.59005016
-0.55261827
-0.49799353
-0.64214194
-0.6636652
-0.88545036
-1.1336501
-1.6900542
-2.00417
-1.9891504
-2.0887084
-1.9773389
-1.772608
-1.7258925
-1.4792678
-0.81727946
-0.62005645
-0.7068
-0.5194143
-0.2561847
-0.26634592
-0.0706509
-0.031086922
0.11847186
-0.0801415
-0.3935544
-0.43638146
-0.26638955
-0.27104804
-0.19851142
-0.2550012
-0.1966148
-0.2100073
0.18906637
0.5854322
0.2585318
0.4085769
0.55363655
0.18842693
0.54912996
0.415999
0.5901262
0.692223
0.692223
0.765411
0.98995125
0.98349726
1.124702
0.99263716
0.96028423
0.6783385
0.58576536
0.68859553
0.25825852
0.18092717
0.14212112
0.15407355
0.13370563
0.13135941
-0.46688277
-1.3781006
-0.30553377
0.39301348
1.6413567
1.6718571
1.7996953
2.039793
2.1935174
2.0812833
1.6330678
1.3608813
1.2809255
1.0966296
0.49596095
0.49596095
0.49596095
0.49596095
0.50846624
0.49596095
0.49596095
0.49596095
0.50725585
0.8130837
0.83067757
0.8515527
0.53242326
0.41814804
0.42874634
0.50558144
0.2713182
0.5371295
0.7386861
0.94837785
0.80728817
1.2250396
1.4648048
1.5340369
1.5377411
1.411733
1.3935235
0.7497341
0.7999274
0.70904756
0.16233982
-0.28343594
-0.5461946
-0.45688188
0.2600839
0.5202576
0.59465784
0.4853949
1.0472491
1.0545413
1.142695
0.9527396
0.5823674
1.238591
-0.59924114
-0.5709818
-0.6407667
-0.6724379
-0.6660307
-0.59137106
-0.79893535
-0.87360966
-0.7851294
-0.7279477
-0.4523692
-0.2675266
0.023232386
0.0607066
0.092747554
0.22605433
0.75552213
0.9859338
1.0917919
1.0624119
1.1007282
0.9631567
0.9584056
0.95439124
1.0647014
1.0176421
1.0752661
1.0631592
1.2204597
1.0595143
0.84013975
0.71798295
0.022671595
0.09673332
0.06456791
0.05900295
0.10362972
0.10362972
-0.09833762
-0.13937876
-0.102460995
-0.055359516
-0.081085704
0.14089336
0.01578091
-0.15813124
-0.04287327
-0.05914084
-0.005081773
-0.2465006
-0.28583935
-0.51020986
-0.6275185
-0.42989403
-0.48287684
-0.62656313
-0.6335148
-0.65295094
-0.69836384
-0.80648756
-0.86187845
-0.76261854
-0.7596551
-0.63438725
-0.30078068
-0.21974415
-0.1967798
-0.28636435
-0.5768545
-0.7085855
-0.7627628
-0.8148904
-0.7533827
-0.7533827
-0.7708653
-0.93424124
-0.92138934
-0.9672085
-0.97012883
-0.88124496
-0.8591979
-0.93657744
-0.9217918
-1.1275778
-0.9668611
-0.85517114
-0.74347985
-0.50457907
-0.5313847
-0.5313847
-0.49632907
-0.6727644
-0.7600552
-0.84125584
-0.80505735
-0.7016565
-1.0233076
-1.0108169
-0.9762112
-0.94689316
-1.010611
-0.75218415
-0.8486731
-0.7862625
-0.6341239
-0.69997597
-0.08724711
0.014922246
0.11287357
0.14901806
0.48199952
0.62035894
0.58514726
0.15337302
0.15661074
0.20432182
-0.012070157
-0.15517244
-0.10920008
-0.35990977
-0.5185224
-0.70485926
-0.7317916
-0.91870475
-0.82666695
-0.8272772
-0.8467845
-0.87489414
-0.94811046
-1.0292745
-1.004444
-1.0497824
-1.1476066
-1.2105571
-1.2378438
-1.3215474
-1.3574066
-1.4807473
-1.5378078
-1.4340556
-1.4771813
-1.5197581
-1.4876766
-1.4208655
-1.4108119
-1.4337871
-1.1633024
-1.0912873
-0.9897407
-0.9631219
-0.86443055
-0.8363913
-0.8651993
-0.8717602
-0.75664365
-0.72976696
-0.8216109
-0.7082503
-0.45495206
-0.5129392
-0.36302966
-0.34952253
-0.24117295
-0.2027424
-0.099425495
-0.105838805
-0.17354277
-0.20526302
-0.47155178
-0.63904047
-0.4224897
-0.47800136
-0.48176146
-0.38244963
0.019700766
0.0038297027
0.06448521
-0.06617659
0.082475424
0.12535493
0.11168121
0.10817166
-0.10621439
0.009936795
0.067389086
0.05903709
0.10171257
0.116848886
0.12471332
0.10200693
0.22885258
0.09965214
0.28573167
0.28573167
0.3016129
0.63753057
0.38428658
0.3122601
0.21270086
0.24169435
0.33118296
0.28073138
0.3157733
0.26730078
0.39297384
0.5084974
0.67719054
0.47094047
0.54516226
0.47851706
0.143306
0.26811618
0.2879337
-0.09692397
0.016180128
-0.14895113
-0.2165685
-0.34117085
-0.42600793
-0.47390574
-0.6286638
-0.64325166
-0.7286155
-0.9887577
-1.1623194
-1.2447314
-1.2848303
-1.3209722
-1.2376871
-1.3376157
-1.3376157
-1.3661731
-1.3097603
-1.4061954
-1.5481946
-1.5453577
-1.6831989
-1.8746226
-1.8374766
-1.8591726
-1.6766462
-1.5873375
-1.6866283
-1.7452773
-1.5037947
-1.5743984
-1.5987417
-1.5987417
-1.4493654
-1.4493654
-1.0885434
-1.0885434
-1.5611126
-1.5284595
-1.5185935
-0.5898373
-0.17402416
0.000143148
0.47134548
0.9121382
1.0627466
1.2639625
0.9490639
1.0425918
1.303303
1.4844003
1.1187618
1.5153036
1.4817498
1.3408312
1.1644095
1.1657968
1.1930535
1.0269476
1.0269476
0.72005606
0.3865484
0.45898575
0.18995439
0.48830765
0.10299964
0.11960657
-0.06681111
-0.10676134
-0.21774587
-0.26556033
-0.24269329
-0.11942374
-0.29559547
-0.24834155
-0.124080464
-0.16046211
-0.073979005
-0.03194391
-0.03801111
-0.11393442
-0.17902797
-0.07458628
-0.04736583
-0.3407672
-0.60943586
-0.56442237
-0.8038964
-0.56156766
-0.61034894
-0.65561837
-0.65010494
-0.7565377
-0.8289969
-0.7787727
-0.523192
-0.3443149
0.19059761
0.8952563
1.0317438
1.1071203
1.2266579
1.1287091
1.2223765
1.4065981
1.4065981
1.2119538
1.299434
1.3915877
1.2778012
1.1134663
0.91318727
1.1598644
0.822157
0.13464679
0.61103904
0.28153223
0.10766648
0.298299
0.14796217
0.06614047
0.016185135
-0.17909756
-0.19597308
-0.43164295
-0.28704822
-0.29049176
-0.42092514
-0.47304487
-0.7865803
-0.7865803
-0.6541808
-0.6726504
-0.47813255
-0.43278623
-0.3267132
-0.42818475
-0.25432146
-0.5190165
-0.6866937
-0.7376091
-0.6872205
-0.74853873
-0.67177284
-0.6201122
-0.65512645
-0.7027766
-0.73557997
-0.8379954
-0.8440352
-0.83406615
-0.70492184
-0.7118268
-0.46331942
-0.8348995
-0.8764149
-0.5685974
-0.26799107
-0.30047247
-0.44013804
-0.64842755
-0.79260916
-0.7905458
-0.6603079
-0.79876643
-0.93655163
-0.93654346
-1.0008514
-1.0582621
-0.9884102
-1.0426283
-0.8780364
-0.7769743
-0.8343065
-0.89522785
-0.8474384
-0.57356685
-0.5735668
0.065483525
0.065483525
0.12107302
0.9023336
0.6258638
0.18026574
0.13900481
0.45290083
0.25350863
-0.08058488
-0.1559133
-0.32383978
-0.35496637
-0.38376594
-0.5217263
-0.51307374
-0.5606356
-0.5502369
-0.585327
-0.52833587
-0.46734804
-0.4764598
-0.49448746
-0.4662733
-0.71157175
-0.6891093
-0.5954412
-0.57171226
-0.51703
-0.3163362
-0.41177016
-0.109377176
0.036618233
0.026799113
0.032379523
0.06749901
0.033456817
0.07621677
0.066157
0.021240681
-0.012644038
0.1545185
0.18670632
0.112725556
0.03307812
0.075227246
0.038204536
0.041159466
-0.029987022
-0.30401662
-0.2258569
-0.18450463
-0.19038606
-0.08285205
0.10861783
-0.016983807
0.25857162
0.070921466
0.19281597
0.17014645
0.14149149
0.08601008
0.02858828
0.10119097
0.18385608
0.13560335
0.09984742
0.17526002
0.16841607
0.26519096
0.32734364
0.2310818
0.14872666
0.32694894
0.14961095
0.23349257
0.20274259
0.14676012
0.11083397
0.070310175
-0.06373452
-0.010707438
0.076131195
0.21449293
0.2293414
0.01940602
0.14699562
0.23444964
0.28016847
0.28635734
0.24304838
0.18436791
0.11691713
0.13305913
0.18976791
0.044368565
-0.29615274
-0.29335046
-0.28952086
-0.36491627
-0.40516615
-0.439314
-0.63278496
-0.8032835
-0.86889267
-1.2410024
-1.0992187
-1.1964442
-1.154653
-1.047061
-1.2037458
-1.2552689
-1.350506
-1.5070207
-1.5390182
-1.5789653
-1.5925003
-1.5832267
-1.5997949
-1.5545981
-1.5254722
-1.4524908
-1.2720232
-0.9341785
-0.94774115
-1.0588666
-1.141074
-1.2126257
-1.3168126
-1.3471085
-1.2852689
-1.0648036
-1.0922593
-1.0802288
-0.86346173
-1.0466204
-0.9264728
-1.2208062
-1.0727224
-0.48325545
-0.48790884
-0.4718203
0.16914128
0.84363484
1.0819259
1.1238518
1.1278933
1.0645928
1.2983456
1.3142934
1.3171207
1.1622778
0.892604
0.93801785
0.6122582
-0.06992214
-0.059248354
-0.046585374
0.013680115
-0.08737794
-0.297661
-0.46493495
-0.5175299
-0.57360494
-0.69267833
-0.7252896
-0.7983221
-0.82728255
-0.8118473
-0.739811
-0.6477984
-0.63834447
-0.63834447
-0.7974601
-0.8546857
-0.88206136
-0.9349247
-0.9618909
-0.98064625
-0.9102389
-0.9866749
-0.92688346
-0.943013
-1.0162423
-0.9167217
-0.9377262
-0.9137274
-0.92521614
-0.87535083
-0.870036
-0.8726222
-0.8951589
-0.86034703
-0.87988436
-0.7233324
-0.3289584
-0.051174767
0.5448872
0.6163822
0.98658323
1.0515857
1.0157646
0.97223544
0.078318894
0.0025881156
0.0025881156
-0.029098839
-0.07083638
-0.06872849
-0.044766247
-0.006111458
0.0019915104
0.096519455
0.27838326
0.6207725
0.52695364
0.073714435
-0.018125795
-0.4897396
-0.65459025
-0.43364567
-0.6100422
-0.7152659
-0.91553026
-0.8505472
-0.8191711
-0.71987456
-0.85644084
-0.8673537
-0.8852901
-0.9945079
-0.80097914
-0.72185093
-0.4584605
-0.504022
-0.7362565
-0.7953485
-0.9243565
-0.8311785
-0.73714614
-0.8007939
-1.0490627
-1.2761874
-1.3643951
-1.4539067
-1.3762159
-1.4735361
-1.384313
-1.3250034
-1.1299652
-1.070677
-0.66941875
-0.40421516
-0.42881435
-0.3457446
-0.22893639
-0.08523368
0.048269823
-0.0018026233
-0.63323605
-0.60877305
-0.59074897
-0.57415336
-0.6929858
-0.6646534
-0.5701326
-0.61743546
-0.67216706
-0.63421404
-0.5211899
-0.51933146
-0.38100934
-0.1364648
0.06343798
0.09275244
0.11573401
0.16063787
0.17958118
0.21036251
0.11118819
0.11710115
0.37024105
-0.12979093
-0.112677656
-0.09928097
-0.24077275
-0.36179736
-0.38929135
-0.35589176
-0.4791717
-0.55624473
-0.56052256
-0.5491134
-0.5941905
-0.62448525
-0.6594899
-0.67070454
-0.670231
-0.6795331
-0.69064057
-0.7335793
-0.8023669
-0.80803263
-0.70952994
-0.72645
-0.56542194
-0.5109054
-0.60798854
-0.8147101
-0.7367135
-0.5245511
-0.5245511
-0.5374397
-0.27993336
-0.32126087
-0.07335145
0.018786028
0.050779194
0.06187229
0.09079142
0.083583966
0.064027056
0.089635566
0.065025404
-0.0036290437
-0.06416599
-0.025930487
0.08907239
0.20578365
0.22754015
-0.1536116
-0.102884874
-0.102884874
0.19500501
0.16128846
0.20886146
0.22410978
0.1566905
0.23517488
0.18285577
0.18933661
0.2261795
0.21115197
0.20250086
0.23147853
0.106488466
0.10304104
0.1269514
0.11805551
0.16611542
0.25321996
0.24605785
0.2221723
0.33210427
0.22643067
0.31769484
0.2957905
0.37886363
0.26174486
0.29316384
0.29316384
0.34986484
0.45626676
0.3325674
0.27268678
0.368294
0.30068195
0.32706708
0.38434422
0.3396647
0.47698486
0.41630775
0.38185334
0.4527601
0.33710873
0.27767938
0.3970533
0.24249454
0.16367821
0.5141233
0.46248543
0.4484738
0.1633939
0.14135952
0.09394662
0.20218123
0.09525432
-0.06983094
-0.28898877
-0.29385036
-0.26848775
-0.4036076
-0.5066227
-0.65999913
-0.8937163
-0.96339303
-0.96339303
-1.356981
-1.2990227
-1.2615979
-1.257364
-1.3209034
-1.3893232
-1.3664248
-1.2671759
-1.4018314
-1.5522676
-1.6181493
-1.6397936
-1.7491156
-1.8045063
-1.8477933
-1.8883414
-1.7649484
-1.6457405
-1.6674597
-1.5515332
-1.6153231
-1.5299071
-1.592622
-1.5678823
-1.2908994
-1.2575071
-1.1938006
-1.6032708
-1.6100574
-1.6100574
-1.3117366
-0.8617414
-0.29499108
-0.1058418
0.1694145
0.8098858
0.9892192
1.2501096
1.1499364
1.0426637
1.1281221
1.4366765
1.6443481
1.1524506
1.3317927
1.3976941
1.3178258
1.3305076
1.2874684
1.2960904
1.1898324
1.05406
1.1324661
0.89050364
0.8060539
0.3077926
0.44505423
0.24988551
0.13283324
0.11579594
0.44425482
0.06475237
-0.0561909
-0.06836433
-0.10051432
-0.14215389
-0.19061835
-0.2759539
-0.2759539
-0.1345245
-0.1345245
-0.09757527
-0.12541705
-0.05359317
-0.13580306
-0.009333484
-0.03820151
-0.069514796
-0.17202379
-0.28754425
-0.40565133
-0.45373285
-0.6000109
-0.5827868
-0.5700616
-0.84474236
-0.88383055
-0.866974
-0.84459895
-0.8640735
-0.89222044
-0.8683622
-0.6977687
-0.5382264
-0.40318584
0.046981707
0.111246735
1.0456097
1.0456097
1.2268548
1.3086764
1.3542855
1.3620172
1.4294844
1.5460739
1.381417
1.2198577
1.1737357
1.3246999
1.3059196
1.1701683
1.1033212
0.93725026
0.93725026
0.45267355
0.7740989
0.35651708
0.35651708
0.3983593
0.3983593
0.23555078
0.14069356
-0.04257413
-0.19780366
-0.3566854
-0.37998575
-0.30230707
-0.310908
-0.39828038
-0.40882182
-0.659801
-0.74930644
-0.6193038
-0.69959354
-0.6374551
-0.6085327
-0.63177156
-0.5925671
-0.6236305
-0.6667299
-0.7142652
-0.7587428
-0.8157299
-0.6623388
-0.6623388
-0.79379195
-0.79379195
-0.9157128
-0.92589587
-0.8112377
-0.823525
-0.8689889
-0.98987603
-0.9492536
-0.8041978
-0.4688123
-0.8049592
-0.7396367
-0.7781874
-0.42910534
-0.19358487
-0.5659096
-0.6343696
-0.6063717
-0.8176365
-0.79993784
-0.7816518
-0.6322005
-0.8267994
-0.9697139
-0.6327302
-0.8786751
-0.8188919
-0.7659471
-0.79281735
-0.7515221
-0.5377459
-0.26132348
0.059519917
0.15352283
0.673316
0.89670944
0.7417486
0.2516886
0.03955698
0.42944574
0.3917004
-0.020209938
-0.091651335
-0.2749565
-0.40647674
-0.447841
-0.6426455
-0.58968306
-0.4431535
-0.49617976
-0.61779034
-0.66109717
-0.65170115
-0.53936726
-0.6212951
-0.5910339
-0.65100837
-0.56716436
-0.693091
-0.6724342
-0.72540975
-0.73975503
-0.79278696
-0.8904287
-0.81764764
-0.67001253
-0.6547085
-0.7258414
-0.5001396
-0.5470326
-0.5819468
-0.48790348
-0.51741785
-0.5214119
-0.30245763
-0.06145396
-0.005173847
-0.030237406
0.02383028
0.042392433
0.06052184
0.06258522
0.016408935
-0.2269608
-0.0039495677
-0.059276134
0.023663
-0.00045774877
-0.04334648
0.11646466
0.15055467
0.20629688
0.12199281
0.12199281
0.10585795
0.16378509
-0.012924656
-0.060258385
0.008007348
0.016328141
0.0038927495
-0.01039058
0.014010116
0.08081098
0.11613491
0.1014054
0.14036418
0.19530047
0.2078463
0.24265881
0.3640843
0.21760358
0.21534117
0.52629995
0.2327211
0.28262675
0.5731478
0.60194814
0.5980318
0.43003607
0.45679986
0.4838333
0.3540709
0.48437983
0.32422984
0.36119187
0.42862582
0.39949942
0.47066778
0.5413664
0.44931155
0.35052323
0.3912807
0.38743132
0.41895145
0.26220465
0.22639169
0.18174644
0.22902943
0.25618863
0.29313993
0.4010365
0.4027325
0.26166886
0.18770202
0.37244016
0.25430167
0.04976149
0.03378932
0.003939122
-0.035303935
-0.035303935
-0.12042719
-0.17299403
-0.33838406
-0.3942644
-0.36254227
-0.48423034
-0.70640516
-0.7460818
-0.6597915
-0.6234405
-0.7646098
-0.7410411
-0.8550469
-1.149764
-1.4709388
-1.6087309
-1.8377314
-2.0168695
-2.2296185
-2.1214585
-2.2197695
-2.2094393
-2.203665
-2.2089717
-2.0249257
-2.006179
-1.9759911
-1.7405357
-1.6233172
-1.6807601
-1.512589
-1.4017217
-1.4689329
-1.5591224
-1.5004541
-1.2529666
-1.3210967
-1.3406916
-1.3655037
-1.5592656
-1.4251585
-0.90356636
-0.4824736
-0.3192088
-0.04938546
0.6920513
0.93959785
1.2121164
1.1435406
1.0516052
0.9925573
1.2365823
1.4626317
1.615747
1.2806764
1.4391783
1.3976405
1.2740337
1.2296933
1.4572805
1.0998187
1.077188
0.97247744
1.037729
0.93252134
0.72439533
0.4791975
0.45826095
0.5071792
0.38615084
0.12708995
0.14703234
0.3348478
0.12781873
-0.01315023
-0.07838726
-0.09417109
-0.19116127
-0.26559103
-0.26739782
-0.24302632
-0.1609442
-0.13837126
-0.10888888
-0.18297811
-0.22219406
-0.3206485
-0.3416378
-0.47518957
-0.3927794
-0.43337667
-0.30255765
-0.3134032
-0.4617883
-0.5273695
-0.5538243
-0.7560128
-0.82931554
-0.7897916
-0.79718965
-0.6967094
-0.68356335
-0.80704993
-0.8446528
-0.902001
-0.92168176
-0.63325685
-0.5977857
-0.42748976
0.0801758
0.4794147
1.1205984
1.155696
1.1750629
1.3092353
1.3810725
1.3673389
1.4213283
1.4675758
1.2653024
1.3450308
1.3358358
1.3620293
1.1947097
0.8103564
1.0801191
1.0801191
0.3888892
0.12818754
0.36650437
0.27407068
0.27377176
0.21242131
0.10513158
0.108079076
0.025195226
-0.111166276
-0.28035843
-0.3864144
-0.2918178
-0.3442889
-0.6067566
-0.6344006
-0.66768456
-0.66699964
-0.68307626
-0.8376845
-0.74196863
-0.7295851
-0.6596344
-0.6795327
-0.515993
-0.5173532
-0.5971664
-0.60655546
-0.6593405
-0.74846554
-0.8524486
-0.687236
-0.69057614
-0.9227642
-0.9997057
-1.1849757
-1.1154677
-1.037873
-0.9468054
-0.973716
-1.0389053
-1.1387272
-1.0040792
-0.7895393
-0.7827873
-0.53237015
-0.690132
-0.66911465
-0.69884825
-0.7714391
-0.82943904
-0.79762363
-0.8341053
-0.59692353
-0.8216598
-0.8692648
-0.80654645
-0.7969113
-0.72306937
-0.68697
-0.6228828
-0.51665145
-0.11127477
-0.048579678
0.17864351
0.2329105
0.8722022
0.64822483
0.42003697
0.14651926
0.48140186
0.118150935
-0.10717466
-0.12454747
-0.42489654
-0.5261677
-0.53749394
-0.6132525
-0.5538095
-0.48825425
-0.5871862
-0.66518533
-0.66518533
-0.66568506
-0.6631862
-0.5498386
-0.5498386
-0.63652486
-0.6954013
-0.8104403
-0.65548277
-0.6241101
-0.5671335
-0.528437
-0.49748188
-0.4764136
-0.4679497
-0.18397233
-0.0068684667
0.054032594
0.034808353
0.03227493
0.060839802
0.08568184
0.05278054
0.049454138
0.023328692
-0.0929068
0.1165594
0.017026082
-0.03501735
-0.051988468
0.12598433
0.00623855
0.102905214
0.10746223
0.08548282
0.12553129
0.12931435
0.21100701
0.13614024
0.080379635
-0.0069162324
0.16210057
0.059568763
0.03590311
-0.016300462
-0.0015931353
0.010113582
0.031327978
-0.058068126
0.010580376
0.09124982
0.23115931
0.20788927
0.21123846
0.06782159
0.082631186
0.080332085
0.1820284
0.3381185
0.33982646
0.25567752
0.28387278
0.21877037
0.2221198
0.20605834
0.25139713
0.3726229
0.5114321
0.27430147
0.37744516
0.43274033
0.4139418
0.3815241
0.2632717
0.38840824
0.32200295
0.2724855
0.33622772
0.33895004
0.3909384
0.35890037
0.52247435
0.5585308
0.5382467
0.659865
0.4596759
0.39907712
0.329019
0.28064126
0.4353571
0.4811411
0.4732532
0.45595944
0.5982482
0.4529872
0.39603806
0.56429684
0.3112147
0.48067987
0.48067987
0.3942678
0.2969795
0.35970235
0.26192653
0.22404738
0.301854
0.61285794
0.59502524
0.36236936
0.17634125
0.19648917
0.13790871
0.183876
0.086409405
-0.28520074
-0.28520074
-0.3528241
-0.41145587
-0.6270552
-0.73617065
-0.9513699
-1.083175
-1.1308767
-1.3301649
-1.2739673
-1.1562517
-1.1762756
-1.2850175
-1.2925999
-1.296304
-1.3140464
-1.3140464
-1.4817611
-1.6718032
-1.6799854
-1.7427907
-1.9091206
-1.9400415
-1.923465
-1.8899975
-1.8182619
-1.7908881
-1.7055856
-1.5884129
-1.6014104
-1.638319
-1.5546838
-1.5264298
-1.3176569
-1.2714903
-1.2714903
-1.5153282
-1.7249712
-1.5273225
-1.5734816
-1.3127673
-0.57014394
-0.4360357
0.06521568
0.7898544
1.0248041
1.1112235
0.9313688
0.9558253
0.954214
0.9019265
1.6055723
1.7471871
1.3691893
1.2076404
1.3652312
1.3449663
1.2399571
1.3049786
1.171421
1.112046
1.1575449
1.2355573
1.0753753
1.0613947
1.0425396
0.41477066
0.21704422
0.11220157
0.14805706
0.06191042
0.0012971908
-0.028078988
-0.053167235
-0.09537741
-0.06454571
-0.045943618
-0.011995181
-0.014868572
0.00066778064
0.025562182
0.13901533
0.108544126
0.108407915
0.11535101
0.1091142
0.10090564
0.09864883
0.08902864
0.08828466
0.08196138
0.08100326
0.043830603
-0.10534367
-0.047202773
-0.004024923
-0.18378425
-0.2798815
-0.5523294
-0.5903245
-0.62537247
-0.6880011
-0.81236064
-0.84276533
-0.85359025
-0.6617679
-0.6550157
-0.474724
-0.3350064
0.019483238
0.06609404
0.2064038
0.7393724
0.83679616
0.8849024
0.93504846
1.0815561
1.246684
1.057405
0.9509131
0.9660468
1.0859163
1.0020912
1.1021667
0.8162955
0.81103104
0.40765238
0.3336171
0.14917858
0.1586072
0.05976011
-0.017800748
-0.018045604
-0.09757429
-0.1066149
-0.107560776
-0.02882222
0.11363673
0.012824982
0.07577756
0.07577756
-0.13895106
-0.14135972
-0.3340053
-0.52531934
-0.63438797
-0.3549308
-0.49260503
-0.61889637
-0.6391975
-0.6300082
-0.6607704
-0.7254792
-0.85502636
-0.7758862
-0.7562386
-0.53124833
-0.33808085
-0.5718978
-0.65855473
-0.50947887
-0.16516286
-0.4318211
-0.6232702
-0.74653685
-0.70328414
-0.7300119
-0.70146066
-0.62365973
-0.6793164
-0.7605797
-0.8386677
-0.71280104
-0.74442124
-0.82944345
-0.87126786
-0.7764093
-0.6696372
-0.46710145
-0.72732246
-0.7350575
-0.641068
0.0050124526
-0.056384
0.05672604
-0.10871379
-0.52381
-0.46485817
-0.52154684
-0.6536568
-0.7285696
-0.809924
-0.8209299
-0.68461305
-0.5078342
-0.5078342
-0.6214358
-0.5947476
-0.38174087
-0.496405
-0.2925533
-0.014336146
0.03308472
0.09925932
0.12688935
0.27819568
0.5242667
0.18875359
0.094349876
0.1955284
0.15716077
-0.10302829
-0.13593976
-0.12326077
-0.29761392
-0.50080353
-0.44626898
-0.4795255
-0.5463488
-0.55490077
-0.5492326
-0.5610334
-0.56759244
-0.5466309
-0.62248755
-0.6910153
-0.6971751
-0.7382261
-0.6979441
-0.75081825
-0.7901248
-0.7874751
-0.8084144
-0.79508984
-0.6839494
-0.5994978
-0.56309354
-0.6299201
-0.8503562
-0.6511059
-0.5857989
-0.47980183
-0.5703472
-0.49467492
-0.51074535
-0.1733935
-0.074081704
0.0072626397
0.027777404
0.037388876
0.038380086
0.061444655
0.06633432
0.064630166
0.027404115
-0.045756444
-0.18358743
-0.006094381
0.010014437
-0.06908877
0.13006364
0.00092645735
-0.019165397
-0.056723997
0.27183533
0.12544046
0.20370062
0.26513422
0.22950251
0.17922898
0.28040695
0.22128476
0.09394497
0.09756717
0.10468109
0.15988477
0.122372076
0.16136558
0.118015885
0.07995339
0.10885255
0.25962323
0.14151819
0.20470686
0.17455737
0.20428707
0.20887609
0.33032286
0.43393016
0.46858484
0.35692292
0.23660918
0.23524927
0.42165542
0.4142543
0.40118176
0.35962427
0.43285978
0.36385685
0.38245153
0.35946113
0.30842757
0.27751487
0.27179986
0.33977234
0.37435943
0.3896261
0.40168685
0.47876424
0.45174277
0.28720844
0.34555876
0.13480158
0.32525438
0.46062338
0.49095476
0.58074737
0.34271598
0.24373402
0.22945608
0.10186711
0.09699722
0.027573869
-0.28117946
-0.30394346
-0.24136119
-0.3387922
-0.53901255
-0.6431596
-0.7681408
-0.84775287
-0.8903309
-0.82264733
-0.9843771
-0.9179341
-0.9065217
-0.979229
-1.0462543
-1.0655452
-1.1970439
-1.3840134
-1.8149903
-1.8149903
-1.8364389
-1.9782116
-2.084025
-2.0420263
-2.1157591
-2.1000946
-2.019797
-2.0334976
-1.955458
-1.8068812
-1.7637086
-1.6725936
-1.5591915
-1.5923214
-1.582291
-1.5596058
-1.4950117
-1.4773705
-1.3232541
-1.2145941
-1.6162531
-1.6116512
-1.7219424
-1.5266114
-1.3308675
-0.63131595
-0.5714049
-0.26940042
0.297278
0.8391237
1.0441953
1.006606
0.9516237
0.9168415
0.9057288
1.2050511
1.4632518
1.5077124
1.7290606
1.4754772
1.434437
1.434437
1.4003162
1.2874713
1.3354869
1.226262
1.2382702
1.0948403
1.196656
1.2109301
1.0833461
0.9478557
0.9653114
0.74702764
0.406682
0.109702095
0.06443645
0.15147041
0.10431151
0.10431151
-0.02980423
-0.026002891
-0.021831594
-0.063480586
-0.11785458
-0.07252532
-0.10580058
-0.061884187
-0.043039784
-0.02402915
0.014752582
-0.0049106926
0.013375372
0.013234839
0.10485101
0.06403552
0.02701269
0.056064874
0.098191515
0.07552634
0.07676582
0.09215024
0.07973534
0.049501643
0.057904735
0.01818429
0.03790243
-0.0073932037
0.0007006675
-0.19887619
-0.5169814
-0.5169814
-0.61743975
-0.61743975
-0.6696879
-0.85530025
-0.7483565
-0.72227556
-0.5575782
-0.58344936
-0.42594463
-0.25863704
0.0367855
0.61781204
0.61781204
0.9430268
0.9430268
0.94931054
1.1262622
1.1262622
1.4763242
1.6416879
1.450993
1.6078236
1.2942429
1.3333163
1.1987561
1.2566326
1.2623906
1.1558492
1.1429677
0.9000156
1.0745513
0.9603219
0.807722
0.8973856
0.5558548
0.5558548
0.3438422
0.06785774
0.072745964
0.026952356
-0.049852595
-0.18780674
-0.2688399
-0.2974583
-0.4155041
-0.4564051
-0.4701507
-0.5076021
-0.5373961
-0.11515126
-0.058002412
-0.07333954
-0.1395173
-0.08355753
-0.2500586
-0.23671965
-0.5550182
-0.5879008
-0.76687324
-0.6361484
-0.6072533
-0.7987521
-0.80933774
-0.9261394
-0.9208123
-0.9145403
-0.7592453
-0.85742974
-0.9405377
-1.0614383
-0.8735134
-0.9459578
-0.7022271
-0.63093
-0.8184819
-0.49324113
-0.16729368
-0.49713188
-0.50547326
-0.5262419
-0.72357035
-0.78598756
-0.80764747
-0.7041968
-0.6349424
-0.6731553
-0.7748494
-0.85443574
-0.7975745
-0.778188
-0.68276983
-0.69838977
-0.64214766
-0.121230714
-0.121230714
0.24108024
0.45830226
0.7692213
0.72234195
0.8200573
0.7459763
0.53863895
0.53283566
0.5151312
0.40330404
0.11700259
-0.13202173
-0.11223528
-0.2716854
-0.35723734
-0.35723734
-0.49901986
-0.5332078
-0.6169316
-0.6169316
-0.5663857
-0.6086421
-0.6738888
-0.67675817
-0.52895427
-0.5717633
-0.544021
-0.5865267
-0.6387174
-0.64583
-0.62876344
-0.55119795
-0.55332834
-0.4682631
-0.46528858
-0.39252275
-0.37178415
-0.26170295
0.008924574
0.039451987
-0.13611948
-0.042586908
0.016679063
0.00911364
0.049705327
0.048523873
0.051172897
0.009275332
-0.01243823
-0.14127332
-0.085372224
0.045517683
0.07428236
0.05569549
0.058476165
0.1029114
0.1345089
0.11134744
0.054845393
0.08637823
0.13699345
0.1241443
0.044152275
0.07687338
0.011527792
0.03242804
0.02984558
-0.03818439
-0.0022210553
0.025763199
0.009642206
-0.026943281
0.09857766
0.24215944
0.23168774
0.23168774
0.16225205
0.21052463
0.19629411
0.14159645
0.15492184
0.17811956
0.14882578
0.08890656
0.16480727
0.26128966
0.27613044
0.20744185
0.25476235
0.20272096
0.25594008
0.30366296
0.25737315
0.1998684
0.29215717
0.28086108
0.29085457
0.120992884
0.13803913
0.09301315
0.13303758
0.27530843
0.27530843
0.33595163
0.2390825
0.37914497
0.47052717
0.3946216
0.24972804
0.3942287
0.4313432
0.27070147
0.24440493
0.31520402
0.37601173
0.4070974
0.40601993
0.4679029
0.25174874
0.2581457
0.0663356
0.111517414
0.05369857
0.29177248
0.5178831
0.5272776
0.43105024
0.40415
0.17210986
0.23300125
0.24116455
0.07536693
-0.11119927
-0.21550608
-0.27289146
-0.29140276
-0.30731237
-0.28697932
-0.40893042
-0.37481362
-0.39557034
-0.731352
-0.8804112
-0.94468117
-1.0355067
-0.8733984
-0.9096016
-0.99659586
-1.0335798
-1.2405357
-1.530071
-1.6340754
-1.7110543
-1.8656577
-1.9795597
-2.0408387
-2.1481745
-2.1816895
-1.9872943
-2.0268424
-2.0077684
-1.8998078
-1.6565048
-1.6745946
-1.7033715
-1.5725471
-1.5147854
-1.584934
-1.4928901
-1.4928901
-1.2201926
-1.3837528
-1.4269762
-1.671099
-1.6067631
-1.4589554
-0.98095316
-0.61301637
-0.21774179
0.011104241
0.6134567
1.0571761
1.1959511
1.1601948
1.134577
1.0509728
1.1749421
1.482085
1.1648333
1.5318432
1.4321767
1.389727
1.3399835
1.2301799
1.0822376
1.0982689
1.046756
1.1214018
0.8293263
0.6295599
0.4082995
0.21853755
0.31976902
0.32532638
0.4787495
0.1847003
0.20873375
0.068299115
-0.06694977
-0.10129688
-0.17161226
-0.30961975
-0.31216264
-0.22334272
-0.18038464
-0.11020225
-0.3335551
-0.2397576
-0.39117914
-0.48378962
-0.61075467
-0.46946698
-0.4461252
-0.5654284
-0.584724
-0.5328953
-0.80834687
-0.8632644
-0.8227423
-0.8566828
-0.8189981
-0.8281581
-0.85303295
-0.84143984
-0.80027866
-0.6509615
-0.54067993
-0.28355068
0.0028856844
0.10620199
0.64520013
0.9803364
0.98033655
1.0875795
1.1547447
1.3143216
1.2528111
