-0.4770661
-0.45160824
-0.3362807
-0.41078645
-0.48661947
-0.30679867
-0.13912165
0.016941056
0.61493206
0.6859112
0.9345498
0.9776776
1.3797618
1.1074588
1.3925929
1.2124705
1.5581324
1.4844831
1.4489083
1.4456836
1.5459323
1.5000044
1.3318267
1.2768008
1.2554824
1.2024453
1.3956254
0.4234786
1.3577826
1.279814
1.4254888
1.6189597
1.5148032
1.6550815
1.756998
1.5793581
1.8990173
1.7420309
1.779757
2.129808
2.1567118
2.1266994
2.34107
2.1624594
1.5003927
1.6515999
1.5466673
1.6092411
1.1369823
0.7876948
1.1579974
1.1526675
1.1113458
1.2806146
1.638679
1.4147382
1.5057223
1.4626203
1.6127248
1.3528817
1.3943548
1.3879724
1.2959664
1.3437916
1.4086205
1.4726167
1.5733323
1.6348337
1.5651159
1.6517651
1.642478
1.5832982
1.6068335
0.96789956
0.88040817
1.1895509
1.2849958
1.938683
2.3038278
2.1708188
2.233019
2.320722
2.325777
2.208542
2.0823734
1.9084101
2.0140767
1.9760904
1.917181
1.6402824
1.7804728
1.5357854
1.5516384
2.2235422
2.3471375
1.8454823
2.3574605
2.5996022
2.147058
1.363512
-0.8147323
1.7132854
1.3026817
-0.078812405
-0.6905946
0.08248441
1.0238309
-0.087246805
2.4275107
2.6401274
2.7356584
2.000333
2.2109232
1.0024345
0.04291734
0.14081134
0.45951998
0.05233924
-0.32360017
-0.81560457
0.35217166
1.4817044
2.6645331
2.590855
2.11111
2.0816367
1.410876
1.2505207
0.50568986
0.9624542
1.1237402
1.3805296
1.244448
1.2877303
1.3147959
1.3700805
1.0694258
0.05798021
0.05350761
0.4618904
0.011680558
1.101083
-0.49969125
0.3097744
-0.76590824
0.5731658
0.49596095
0.49596095
0.49596095
0.49596095
0.49596095
0.49596095
0.49596095
0.49596095
0.49596095
0.49596095
0.49596095
0.49596095
0.49596095
0.49596095
0.49596095
0.49596095
0.53190005
0.35073042
-0.748927
-0.6322158
-0.18906027
-0.29819584
0.53341925
1.4429824
1.5334189
0.14195354
-1.4903166
-1.6593391
-0.06793135
1.5850507
1.6091466
1.0839096
1.2018147
1.2470441
1.3821986
1.0096163
0.7231877
1.2243924
1.3170176
1.4279689
1.5733759
1.5628474
1.8487087
1.8214937
1.9424295
2.0187612
2.2054644
1.9602449
2.149941
1.9321635
1.8745557
1.5191066
1.6157863
1.6530781
1.6582336
1.6082015
1.4380376
1.7568047
1.7470777
1.7516533
1.6198817
1.5354995
1.3644814
1.0898325
0.82015204
0.85033876
0.9481901
1.0769818
1.1331862
0.9690788
1.4726942
1.8649822
1.6116848
1.6258765
1.4306008
1.3113606
1.6458062
1.7331082
1.4509988
1.4802756
1.629149
1.674207
1.8229501
1.688063
1.5278139
1.3879421
1.4718716
0.9479456
1.0305103
1.0151052
1.0476177
1.0626688
0.56447804
0.36424088
0.90233374
1.3769616
1.535087
1.8930674
2.0392156
2.3901882
2.3265977
2.3868682
2.4002476
2.4150546
2.291561
2.0050654
1.9869461
2.0993822
2.1139908
2.0393744
2.0772407
1.8982654
1.8368845
2.1678991
2.2206168
2.0887742
2.3060308
1.6263947
1.8721637
1.6726576
2.3701415
2.5329838
1.9869399
-0.10173349
0.72427124
0.5177295
-0.6361966
-1.0213178
-0.6395942
-0.09959155
-0.08429244
-0.35938084
-0.6540282
-0.12443519
0.013758972
0.1864114
1.9548972
2.2569253
1.8901379
0.6390329
1.6775475
1.591752
0.609156
0.83540505
0.5146362
1.1999545
1.6434884
1.7331904
1.6910286
1.5484409
1.5118712
1.5499277
1.3842726
1.0868136
0.98599386
1.1858809
1.2316675
1.1212093
1.2913208
1.5374169
1.0480306
0.9834701
0.9325372
0.07574682
-0.1100588
-0.17123246
-0.64539933
-1.4222952
-1.7491494
-1.6310353
-0.16928884
-0.04956545
-0.61895645
-1.2510775
-2.0830238
-2.108703
-1.8680376
-1.9618232
-1.3637975
-1.3286544
-0.84988666
-0.7944711
-0.95696247
-0.937032
-0.52066255
-0.43388647
-0.0823239
0.39916092
0.34093094
0.29154164
0.015120178
-0.021761566
-0.14463529
-0.14947629
-0.1345746
-0.08967004
-0.25887382
0.2508443
0.69040513
0.73077977
1.0870343
1.4266996
1.6911316
1.4849634
1.2547264
0.96890604
1.3091052
1.5940261
1.6994538
1.6705599
0.84797925
1.6981112
1.8228879
1.9988852
1.7765868
1.5479356
0.853443
1.4208577
1.3233817
2.0374563
2.1427917
0.8999815
0.8858566
1.1271333
1.3519557
1.8214498
1.6570374
2.223883
2.0963109
2.2153502
2.2632413
2.3946738
2.3401978
2.3505435
2.2162862
2.1939445
2.1663485
2.218214
2.0238733
2.1354377
2.0167382
2.1828241
2.094905
2.2821922
1.8721247
1.7874182
2.1017628
2.0397272
1.9677289
2.0872476
2.332021
2.6011047
2.208782
1.5179487
0.82332873
1.8971531
1.895771
-0.79127187
-0.17519931
1.3908165
0.08972849
1.446554
2.3140423
2.4050024
2.5637546
1.5419444
2.037469
1.4981703
1.4605294
1.6363678
2.6817985
2.5083532
2.6645732
1.8502308
1.6118522
1.2354859
1.1788571
1.0741899
0.9275973
0.6406133
0.9255849
1.0408156
1.1666305
1.1142161
1.4301424
1.4694252
1.3473586
1.475132
1.7406664
1.651823
1.5045192
1.9185433
1.8258073
0.6286235
0.711294
0.67509055
-0.8353295
-1.5258031
-0.21357363
0.49596095
0.49596095
0.49596095
0.49596095
0.49596095
0.49596095
0.49596095
0.49596095
0.49596095
0.49596095
0.49596095
0.49596095
0.49596095
0.19849612
-0.3659069
-0.8233342
-0.20783892
-0.17772421
0.804397
1.3608898
1.6580493
1.6952995
1.0229039
-0.24227977
-1.9424117
-1.8477796
-1.6375554
-1.181998
-0.89327675
-0.9707403
-0.42143875
-0.43498123
-0.5225966
-0.23985851
-0.25366032
-0.33605212
0.26804185
0.8332478
1.0614135
0.8255017
0.91423845
0.4455638
-0.091477774
-0.33971357
-0.19586577
0.11458886
0.5106882
0.53179824
0.37179905
-0.42672318
-0.52117246
-0.47944784
-0.42888242
-0.34128672
-0.37280315
-0.46874827
-0.36142123
-0.40133953
-0.35604215
-0.33390516
-0.2137282
-0.2017585
0.16980703
0.6355553
0.5738549
0.77489424
1.2779462
1.4740157
1.4998152
1.7203196
1.7171402
1.779031
1.8958983
1.9689035
1.9499922
1.6047943
1.6683916
1.379643
1.3598263
1.2473888
1.5939343
1.2146678
1.5019329
1.3177149
1.6924756
1.7797145
1.7786827
1.7185483
1.9083285
1.9799161
2.1465158
2.0611873
1.0913899
1.5887967
1.7678322
2.2352233
2.367613
2.2186985
1.2421639
0.86017966
-0.018418156
0.32418716
-0.05400402
-0.08506156
0.0099812895
0.34122205
-0.036910385
0.1521941
-0.26715684
-0.689615
-0.61300987
-0.1638251
0.13322888
1.1981621
1.0942572
1.1416769
1.189987
1.6276003
1.5145075
1.7953252
1.9699833
2.3902612
2.5062804
2.5706375
2.5436733
2.3028
2.3389497
2.292645
2.0448189
2.0818737
2.0417247
2.0576863
1.8794315
1.5912894
1.8008034
1.9092889
1.543101
1.7894111
1.7884358
1.4264348
1.782129
1.7056361
1.6865861
1.8227649
2.121088
2.1733975
2.0494733
1.8462529
1.9574833
1.6697478
2.0857835
2.259379
2.1813545
2.250953
2.1213732
1.9573822
1.7628161
1.5674815
1.5392828
1.4463944
1.8464391
1.7601715
1.8232378
1.7011874
1.4412991
1.5797958
1.0166168
0.7815652
0.35496455
0.25877714
0.12644508
0.94248044
1.0253477
1.2272044
1.1830335
1.2065814
1.2377645
1.3359491
1.3426372
1.5867194
1.5542785
1.6248112
1.5677534
1.3634267
1.5188339
0.3452533
-0.09683302
-0.04794077
-0.64447665
-1.2710527
-0.6848248
0.3668781
1.7034125
1.7471125
1.700751
0.6836227
0.3781746
-0.20543283
0.07237677
1.0025849
1.3569396
1.4779177
1.5582029
1.7639086
0.4596783
-1.6022484
-1.7918248
-1.5529007
-1.1186883
-0.93987656
-0.65644145
-0.6182267
1.4537262
1.1799614
1.0867064
0.82729256
0.9911176
0.026668206
0.063169345
0.26216012
-0.049363695
0.05979584
-0.020924203
-0.03543844
-0.2941269
-0.5380626
-0.46787888
-0.6613264
-0.64939404
-0.8200493
-0.41660255
-0.001109682
-0.14962724
-0.62700963
-0.68551075
-0.71561635
-0.75104105
-0.657502
-0.47062057
-0.553465
-0.63716793
-0.37672687
-0.34973377
-0.10354192
-0.20497805
0.7427676
0.698707
1.219054
1.4897089
1.6500835
1.4465225
1.616132
1.9856424
1.5708064
1.7279782
1.6550082
1.4415499
1.3876837
1.4326336
1.2974774
1.2071054
1.6578269
1.2750645
1.2050676
1.2734938
1.6772377
1.8833551
1.5557137
1.0575838
1.7779971
2.0016944
1.9235888
2.0606256
1.9475117
1.6163116
0.6226938
0.5715499
0.26930487
0.06535794
0.7200831
0.12421389
0.013184413
-0.11705477
-0.0747587
0.04424353
0.5153139
0.6855818
1.1158172
1.5177743
0.998055
1.859711
1.8187882
1.706299
2.096642
2.501402
2.4714699
2.6999168
2.3993976
2.6097167
2.5407913
2.14788
2.064833
2.157496
2.1686413
2.065708
2.144242
2.0120606
1.9731731
1.5843117
1.9457345
1.9910984
1.4538603
1.8165874
1.7005996
1.6141002
1.717861
1.7697669
2.1912913
2.0946975
1.927222
1.8965287
1.8544691
1.8832225
1.7380209
1.7049232
1.7110788
1.8412582
1.8679934
1.7574697
1.6710911
1.440022
1.8384458
1.8292272
1.7418325
1.2301297
1.3582661
1.355484
1.2953676
1.1933684
1.0241364
0.926303
-0.10107683
0.15436615
0.14143987
0.37181747
0.9054036
0.96821797
1.1136872
1.2430748
1.2350583
1.3153327
1.3486571
1.2620006
1.1990665
1.2241018
1.9295249
2.1375155
2.0919263
2.0519943
1.6013832
0.9249995
0.30713886
-0.11055637
0.015507519
-0.41474497
-0.577961
-1.7472907
-0.892624
0.00072693825
2.1414685
1.9950435
2.0384567
1.9767241
2.0734272
2.2834008
2.6841056
2.4043083
1.8235774
0.07331361
-0.10281609
-1.8033215
-1.8726225
-1.2749017
-1.0689425
-0.7868183
-0.8780806
-0.50469303
-0.6777093
-0.6393078
-0.349846
-0.12097608
0.92821324
1.3425479
1.2197988
1.4204516
1.3039613
1.3517153
1.3625324
1.2694228
1.3811791
0.92338276
1.1418004
1.2597519
1.3495986
1.4558591
1.5633757
1.4706131
1.5592335
1.8007749
2.0161734
1.7090524
1.3355303
1.7017362
1.699093
1.9524326
2.199873
2.141741
2.0471258
1.8810788
1.7541089
1.9038095
2.0509574
2.1403656
1.4128841
1.7426357
1.7219112
1.6338923
1.8540721
1.4030337
1.4946351
1.6425605
1.4347622
1.8383662
1.776098
1.7026117
1.6208657
1.7264197
1.4291413
1.7556136
1.8156053
1.928422
1.890002
2.1472652
2.50417
2.180846
2.2094877
1.9241447
2.4841743
2.2533486
1.6121386
1.3174852
1.342399
1.8013728
2.1887808
2.2296543
1.5389044
1.4202045
0.9426701
0.766931
0.17164429
0.083988234
-0.031537384
-0.03374715
0.023627892
-0.014240034
0.24004029
0.66863376
-0.013223767
-0.0505455
-0.11852144
0.022005364
0.06773372
0.75215113
1.4717538
1.6437399
1.8499149
1.9298177
2.25461
1.8033214
2.2197556
2.2451577
2.1800094
2.2236352
2.20531
2.1783853
2.1474178
2.2413237
1.9494658
1.7657887
1.771603
1.8948894
1.9846311
1.9164424
1.8469522
1.9198456
1.8783026
1.7932825
2.005461
2.0543756
2.0401645
2.0151334
1.9585195
1.9257989
1.7350245
1.7081265
1.666353
1.9428091
2.0093622
2.5346737
2.4314065
2.230362
2.0369363
2.0496602
2.1200924
2.3656576
2.3938298
2.1201947
2.1255329
2.0096834
2.1406145
2.060886
1.9752302
1.7393097
1.8731401
1.8793842
1.6575365
1.8634006
2.0017629
1.9243131
1.7787958
1.9608507
1.7763113
1.4775575
1.4599534
1.3189653
0.9780221
0.9607971
0.71151066
0.21923833
0.17173906
0.5737946
0.8427426
1.3695779
0.861529
0.8408499
1.0013825
0.6108173
1.4911915
1.408342
1.5391138
1.7634485
1.8544227
2.2366948
2.1820235
2.194283
0.9317732
0.23945071
0.1738451
0.20464616
-0.090064645
-1.2961521
-0.21876213
0.7456323
1.6336744
0.49596095
0.49596095
0.49596095
0.49596095
0.49596095
0.49596095
0.49596095
0.49596095
-0.5925765
-0.4718405
-0.47884583
-0.15641391
1.1055709
1.3750777
1.5149775
1.6719447
1.642595
-0.02874247
-1.0367142
-1.7981739
-1.8531053
-1.4503146
-1.3143065
-0.45565647
0.20654424
1.4983318
1.1942034
1.2109171
1.1736584
1.1437125
1.178978
1.1349785
1.3261299
1.5746683
1.516331
1.7040246
1.3352431
1.2855253
1.2397093
1.3541611
1.0762951
1.1656275
0.33549553
0.06502943
-0.42969185
0.68382657
1.1813657
1.0661538
0.7751204
1.242867
1.2903731
1.3178807
1.2769344
1.2707769
1.4287546
1.5869124
1.8064553
1.6981856
1.8548298
1.4777839
1.4533943
1.5463841
2.0452201
1.9448538
2.097287
1.8863688
1.8392997
2.3758368
2.4374657
2.4855452
2.4624352
2.0861719
2.1705112
2.176598
2.015491
1.6467012
1.9515591
2.3293285
2.4082239
2.222659
2.0624547
2.0951762
2.171455
2.1779108
2.1433887
2.2625504
2.2119176
2.2680616
2.3258848
2.253508
1.9490123
2.3739161
1.9097009
2.4844499
2.6257677
2.4278793
1.9515281
2.3385525
2.442396
2.52933
2.2233481
2.1711016
2.2719436
2.2748163
2.4669385
2.3489118
1.6102526
0.8209487
1.7647933
1.0349704
1.44655
1.0476778
0.85754794
0.7402751
0.4929402
0.32086974
0.5020407
0.2781791
0.2640431
-0.038584195
-0.029417373
-0.11754505
-0.29178923
-0.071247384
-0.113550276
-0.0664017
-0.031139463
-0.032646485
0.19263329
0.29902506
0.39324802
0.33204412
0.3882377
1.2580779
1.0918417
1.2955701
0.4246068
1.1367632
1.5664531
1.525387
1.5265647
1.95647
1.6893171
2.2149584
1.7067091
1.953249
2.2460248
1.8957574
2.1071615
2.3355646
2.1849508
2.1644845
2.1368508
2.1409383
2.0941274
2.068437
2.0803583
2.0080423
1.9740758
2.0083907
1.9132648
2.0293696
2.119668
2.0544026
1.9171484
2.1143343
1.9934487
2.1029015
1.8301309
1.9509141
1.9709365
1.6944438
1.94204
1.6501657
1.8236697
2.2814238
2.2976305
2.4090776
2.3237185
2.2546449
2.1362023
2.0713682
2.1136708
2.0101118
2.0960474
2.029746
1.7156215
1.6850909
1.6226525
1.5848478
1.5825789
1.5339925
1.4639981
1.3104637
1.1897526
1.1356618
1.1794937
1.2687196
1.1476644
1.0111904
0.90249646
0.8441736
0.7400453
0.6457974
0.679326
0.6062139
0.1297663
-0.12576805
-0.21455528
0.024882302
0.035658106
0.15335567
0.17231609
0.27722472
0.2532739
0.730411
0.9449043
0.9061227
1.0684588
0.853055
0.89764416
1.059746
-0.046693414
-0.21789476
-0.15389791
0.39688343
0.8091934
0.94991994
1.7559198
1.8987894
2.0455265
1.992984
1.5162586
2.2058775
1.6324115
0.9308386
0.3002779
0.1724988
-0.109393254
-0.13807401
-0.3110845
-0.75033486
-0.82889116
-1.4090159
-1.4824508
-1.855467
-1.3075393
0.95880604
1.8825138
1.4417682
1.306303
0.02235584
-0.8290204
-1.7473377
-1.8592713
-1.9253232
-1.701921
-1.3417668
-0.9247879
-0.9178387
-0.73618686
-0.55357885
-0.48298758
0.685678
1.3916094
1.0049235
0.5684738
1.3219923
1.643333
2.0520341
2.1555262
1.9544604
2.5183768
2.4092913
2.376822
2.2893543
2.284937
2.2495291
2.3730154
2.4609303
2.4987936
2.484746
2.4937997
2.3771281
2.4311905
2.4389997
2.634004
2.7313504
2.6239033
2.6187134
2.549181
2.4966493
2.8512788
2.637892
2.8093352
2.7771816
2.6604204
2.58551
2.7208986
2.5622191
2.7054648
2.637488
2.5457282
2.4701817
2.2495182
2.0553002
2.1147666
1.9977596
1.9294033
1.9546628
2.0701444
1.572906
1.4793899
1.6273074
1.4991052
1.8181767
1.4622731
1.7877812
2.1181107
2.0961156
2.1526453
2.1518643
2.3589911
2.384661
2.5462048
1.951046
2.1087217
1.9874127
2.2079606
2.4379058
2.4118693
2.285795
2.281992
1.9793358
2.363108
2.3135104
2.378562
2.4894986
2.0306764
1.9792023
2.4234393
2.3228493
2.2712142
2.3652244
2.1041846
2.0513058
2.3205934
2.4319992
2.3995504
1.4799931
0.9403815
1.9679465
1.7352812
1.7319652
2.1764112
2.2198591
1.1226317
1.0459709
0.7488696
0.47062624
0.5417268
0.13715486
-0.25418246
-0.3477152
-0.38296068
-0.72774523
-0.60333586
-0.61998504
-1.0052234
-0.7371056
-1.0057921
-0.63444436
-0.510335
0.07918444
-0.5227331
-0.43423277
-0.4356957
-0.2122206
0.5716708
0.9087689
1.5907314
1.6155188
1.5429826
1.6838167
1.8617495
1.9204109
2.0182474
1.8013642
2.1184154
2.1093025
2.119936
2.1808138
2.2081194
2.2186146
2.232205
2.0853372
2.0837646
2.064917
1.8786308
1.8400786
1.896076
1.883313
1.6788137
1.9587917
1.6292295
1.5965811
1.9116008
1.5483357
1.8449435
1.7265469
1.4154229
1.5008552
1.7069321
1.8222241
1.6475462
1.7105267
1.8417997
1.7239949
1.7509292
1.6045407
1.6413767
1.7060204
1.6522033
1.681488
1.4730415
1.4788942
1.4621933
1.717689
1.4306307
1.3455992
1.2905542
1.3416587
1.3727942
1.3277047
1.3311456
1.3461599
1.3149546
1.2903178
1.1985508
1.1198506
1.0797175
1.1081952
1.1391122
1.0419868
1.0744197
0.92207074
0.39571762
0.36763388
0.20455696
0.27710384
0.21347876
0.07170752
-0.012600936
-0.19881377
-0.24257839
-0.1910825
-0.08408362
-0.24722447
0.25699484
0.45931548
0.44240773
0.54708725
0.79411113
0.97153485
1.016349
1.00762
0.9945084
1.0079737
0.9307066
0.9321778
0.9692774
0.9385637
0.98239815
1.3906972
1.3692045
1.5324103
1.4785753
0.78043157
1.1606808
1.2319001
1.3337133
1.4121797
1.6590135
1.7266127
1.8240595
1.886323
1.9680004
2.127418
2.1976352
2.1399806
1.8581774
1.3326118
1.5177836
1.562061
1.9869671
2.1651902
2.3843365
2.0785146
2.0933087
1.3780072
0.91479874
0.92330885
0.419088
0.6900335
0.28614455
0.16967984
0.008257359
-0.13753071
-0.16683759
-0.47631276
-0.72857636
-0.8043435
-1.4833966
-1.2269341
-1.4975798
-1.4001706
0.19993682
1.2319722
1.8266897
0.77501273
0.2642492
-0.50936794
-0.9334221
-1.692513
-1.513143
-1.9446921
-1.849925
-1.5931375
-1.4917662
-1.319777
-1.1470416
-0.80430245
-1.0285842
-0.8686042
-0.2064113
-0.72780436
-0.7405784
-0.52795535
-0.4806012
