-0.4357913
-0.3006416
-0.6045855
-0.5911734
-0.47801054
-0.4666502
-0.55760807
-0.524725
-0.49220294
-0.4130929
-0.3410229
-0.27380866
-0.29102665
-0.114080116
-0.2219279
-0.4425484
-0.4307775
-0.41659427
-0.17744267
-0.38155097
-0.20137027
-0.069197476
-0.26191866
-0.09021441
-0.06408141
-0.073109195
-0.08903367
-0.03395672
-0.02013886
-0.05038047
-0.24094778
-0.19216695
-0.30110514
-0.16311869
-0.059089676
0.489551
0.11502136
0.50147384
-1.1903542
-1.2064424
-0.48284233
0.0037604198
1.1556964
1.1556964
1.1352087
0.3689617
0.06778194
-0.11287533
-0.1783845
-0.7561741
-1.775495
-2.162117
-2.280398
-2.4139805
-2.0984132
-2.435153
-2.3006253
-2.0676236
-2.007687
-2.0679471
-1.9317415
-1.8881413
-1.9221752
-1.697928
-1.7559826
-1.7001617
-1.8825744
-1.895475
-1.9139097
-1.8906277
-1.8489841
-1.7457587
-1.7195886
-1.6899798
-1.6074072
-1.4710793
-1.2897658
-1.3361317
-1.26613
-1.235969
-1.258995
-1.168191
-1.0636531
-1.0636531
-1.131578
-1.0510515
-1.0914774
-1.0570613
-1.078437
-0.8518276
-0.8518276
-0.8466872
-0.93574905
-0.99902606
-0.76476693
-0.8013408
-0.7405479
-0.7264079
-0.7062706
-0.70651805
-0.6170224
-0.51407427
-0.5563928
-0.5830737
-0.547072
-0.53123677
-0.5228195
-0.40829217
-0.38793325
-0.5324471
-0.59427553
-0.5871186
-0.6202347
-0.35125047
-0.3023007
-0.3534932
-0.3530404
-0.36953747
-0.2249673
-0.21062186
-0.35547784
-0.39504397
-0.24863596
-0.17857619
-0.08858499
-0.030276358
-0.029390432
-0.006971523
-0.09207311
0.0803078
-0.20230332
-0.29484308
-0.0516366
-0.081527516
0.22937237
-0.15762895
-0.2005957
-0.7395106
-0.2584881
-0.054677557
-0.17494352
-0.16763261
-0.18323909
-0.10589283
-0.08962286
-0.07021163
-0.16402772
-0.25698423
-0.3356859
-0.3260398
-0.47351664
-0.20580244
-0.12190323
-0.11365602
-0.038553424
-0.144934
-0.103554115
-0.042516127
0.5420115
0.21623634
-0.08009104
-0.10118284
-0.3940214
-0.41434914
-0.49929726
-0.64899445
-0.17364386
-0.20824486
0.15723528
0.80725133
0.6678366
1.1594008
1.167594
1.1091118
1.0748067
1.4167747
1.3969808
1.3661664
1.263925
1.2807748
1.4646444
1.4920332
1.396294
1.5152085
1.1310252
1.1230551
1.1015997
1.3658364
1.4767783
1.3488424
1.2622237
1.2869712
1.1183507
0.09308207
-0.051400974
-0.7576955
-0.74968123
-1.0559652
-1.0160657
-0.9700595
-0.83093286
-0.8133632
-0.65394855
-0.7588476
-0.7581834
-0.77018124
-0.6004507
-0.67380196
-0.49838758
-0.45107472
-0.43175614
-0.422041
-0.47726643
-0.62000966
-0.6439212
-0.53983414
-0.73093396
-0.5932601
-0.04867974
0.042743146
0.5342671
0.2548439
0.15310182
0.69002044
1.0972409
0.59567124
1.0535042
1.2431333
1.2953465
1.3166964
1.5904078
1.2855005
1.4462999
1.424414
1.258285
0.69904125
0.29472077
0.09307915
-0.08077568
-0.38274866
-0.4913156
-0.68009293
-0.77787316
-1.1354668
-1.4200357
-1.527203
-1.9256107
-1.7770042
-1.8409896
-1.3303859
-0.76497346
-0.7491611
-0.40813476
-1.3562123
-1.5457752
-1.558851
-1.6560521
-1.664758
-1.7863085
-1.5107088
-1.4345651
-1.2374835
-1.151236
-0.99867207
-0.87323654
-1.1038677
-0.96684325
-0.8133532
-0.88143367
-0.84828305
-0.77342385
-0.9380337
-0.57101935
-0.50842255
-0.18943162
-0.13221514
0.82498515
1.0560502
1.5706363
1.4208581
1.5101068
1.5450456
1.2575412
1.0132151
1.0826514
1.1467738
0.8969004
0.8084124
0.64435124
0.19855236
0.11419776
0.3242032
0.049146578
-0.08614304
-0.05528758
0.014155224
-0.033702344
-0.10382014
-0.12829931
-0.00010044128
-0.00010044128
-0.427557
-0.5485483
-0.7865442
-0.9715793
-0.9411953
-0.77691305
-0.80263674
-0.7500323
-0.54778796
-0.4767344
-0.3070228
-0.44533908
-0.6365688
-0.57633597
-0.48624372
-0.60099834
-0.45250458
-0.42728823
-0.37216413
-0.4295526
-0.3962627
-0.38340658
-0.418711
-0.5135462
-0.4208882
-0.38891125
-0.28949422
-0.29279166
-0.30514455
-0.29030508
-0.36477834
-0.32711864
-0.26854417
-0.33821082
-0.2672612
-0.26722637
-0.3001929
-0.51017326
-0.35273415
-0.4689569
-0.4724456
-0.35780495
-0.28321058
-0.25213677
-0.09181568
-0.11993529
-0.1455859
-0.34896135
-0.19420832
-0.19420832
-0.121793
-0.04346825
-0.09800017
-0.19306332
-0.41796649
-0.42824888
-0.29461473
-0.18882233
-0.1671629
-0.26420128
-0.26769686
-0.19957566
-0.19821769
-0.23662251
-0.17289503
-0.24874227
-0.2471171
-0.18419705
-0.2003409
-0.09810153
-0.073428534
0.06886329
0.25111926
0.09349133
0.35085738
-0.096734375
-0.14978394
-0.14596365
-0.22286761
-0.21222629
-0.08926062
-0.10097234
-0.1261277
-0.128796
-0.052392796
-0.40311992
-0.32476622
-0.24452467
-0.1709465
-0.11334707
-0.044610202
-0.025139913
0.050485805
0.2275749
0.27800375
0.036041364
0.053519443
-0.039082028
-0.059929527
-0.17301911
-0.14784738
-0.16895351
-0.15075126
-0.15366578
-0.17135048
-0.12522976
-0.13552785
-0.14728013
-0.13473849
-0.14513098
-0.13508019
-0.20004874
-0.17463644
0.03256391
0.032199442
-0.08316652
-0.38411254
-0.56292266
-0.5580043
-0.53513783
-0.34962317
-0.15773618
0.6696548
0.8052275
0.81625706
0.8961942
0.7916033
0.80984384
1.0885895
1.0422068
1.0436759
1.2038293
1.1959027
1.0738928
1.0997292
1.0994322
1.1169629
1.1489162
1.2435179
1.2129128
1.2484014
1.2972801
1.188267
1.2516837
1.1205022
1.1205022
0.9137523
0.806239
0.98571837
1.3548193
1.2319725
1.3202174
1.1310794
1.2047162
0.93841887
0.32086277
-0.07676437
-0.21260563
-0.32970607
-0.78307366
-0.6404908
-0.7728566
-1.0852937
-1.1028894
-1.103927
-1.091104
-1.2145593
-1.1798594
-1.655694
-1.7566788
-1.7442359
-1.9412736
-1.904717
-1.6593387
-1.4486895
-1.1872332
-1.1698895
-1.1232412
-1.1729405
-1.1038508
-1.1500142
-0.73682535
-0.69937235
-0.9054092
-1.0176114
-0.8408951
-1.1338472
-1.050687
-1.1283003
-1.0695183
-1.1052237
-0.98839706
-0.4614913
0.022711262
0.036521077
-0.13853821
-0.2781102
-0.2639132
0.551746
0.8832152
1.219515
0.9940579
0.93829703
1.0475738
1.4529107
1.5364779
1.9304523
1.264195
1.5347543
1.5933901
1.6562291
1.5680435
1.6659529
1.2992277
1.274166
1.2010534
1.3873433
1.3421886
1.2362783
0.6119987
0.3363924
0.076207146
0.10927154
0.0630981
0.017874643
-0.050003573
-0.09221473
-0.1044375
-0.096561305
-0.09927419
-0.035897106
-0.013682604
0.6041404
0.38731676
0.38681316
-0.34392613
-0.18411201
-0.12883794
-0.23768517
0.114908025
-0.10321595
-0.08431022
-0.0064031184
0.008362472
0.0019960925
0.467795
0.26020736
0.6696658
0.6019416
1.0394068
1.1786431
1.3317561
1.1762774
1.3509722
1.4149082
1.2262858
1.2505589
1.2461307
0.8569548
0.74960744
1.1597373
1.2136232
0.91976523
0.24867927
0.687966
0.83068466
0.7737127
0.058562294
-0.062122516
-0.04097528
-0.03240999
-0.033067383
-0.023759596
-0.04071471
-0.04071471
-0.065551415
-0.22972062
-0.4274636
-0.36537218
-0.4875598
-0.2931295
-0.27007517
-0.33108273
-0.2937426
-0.61984897
-0.6837251
-0.47230285
-0.5261385
-0.54720473
-0.5686327
-0.6117701
-0.5800752
-0.6160113
-0.69704443
-0.74670416
-0.6739123
-0.80116594
-0.8028734
-0.8492137
-0.894873
-0.7347474
-0.654711
-0.7007193
-0.62467885
-0.5346127
-0.70219815
-0.77284765
-0.69046605
-0.630214
-0.76350003
-0.72793245
-0.7364334
-0.6522603
-0.7930202
-0.6513846
-0.67468727
-0.7121452
-0.82699007
-0.61152464
-0.6238163
-0.72751015
-0.7875782
-0.7302623
-0.91420245
-0.91420245
-0.9196714
-0.8301463
-0.9458163
-0.9693209
-1.0234876
-0.97258615
-1.1217606
-1.0756942
-1.0202314
-0.7858856
-0.6453937
-0.59475946
-0.53311443
-0.5037601
-0.53709733
-0.34891313
-0.24792686
-0.33838806
-0.38962042
-0.36713856
-0.39596468
-0.42132902
-0.5272707
-0.17907852
-0.30201775
-0.37883526
-0.47708404
-0.44103217
-0.3448938
-0.19506934
-0.095336385
0.045637712
0.19424005
0.0124988705
0.0071806908
0.113446236
-0.09114125
-0.11337298
-0.09762093
0.14228378
0.29518765
0.034578115
0.08941881
-0.07752902
-0.12067758
-0.16667244
-0.3048724
-0.3120587
-0.42191112
-0.5398563
-0.49735606
-0.35113835
-0.26435155
-0.22337711
-0.20440114
-0.22768983
-0.35464275
-0.39971334
-0.3221107
-0.44768
-0.3498413
-0.4261949
-0.44199234
-0.44986635
-0.40253466
-0.31220874
-0.2535782
-0.07249698
-0.17867817
-0.13823117
-0.10665878
-0.06467341
-0.06130346
-0.1239244
-0.064736255
-0.074224114
0.056147516
0.11136311
0.05709587
0.10514076
0.061265543
-0.037371553
-0.06832721
-0.035074912
-0.0018749684
0.04101093
0.01956965
0.07217239
-0.037785977
0.006212309
0.0009149015
-0.083736785
-0.07522552
-0.018382773
0.075087905
-0.15106407
-0.16443309
-0.14788726
-0.10223883
-0.045842126
-0.020900108
-0.0778005
-0.07295965
0.0055826902
-0.011928245
-0.07291502
0.028211057
0.4308977
0.12810789
0.055597022
0.06658432
0.07993327
0.18069746
0.29523987
0.78203255
1.0624902
0.8528218
0.8528218
0.8240745
0.8702278
0.7830712
0.7913879
1.0274465
0.9669404
0.9920198
0.9806392
0.9293405
0.8949045
0.7286909
0.8468422
0.91474414
1.0035832
1.0446491
0.9945438
1.0890424
1.0838956
1.1833916
0.98407733
1.2501972
1.3532524
1.1283805
1.2421443
1.2764411
1.5105584
1.0536878
1.2049255
1.1973457
1.0796748
0.92014384
1.267884
0.80531645
0.47097635
1.0824867
0.809479
1.257987
1.330873
0.95394015
0.73831654
-0.10345249
-0.16074714
-0.3064
-0.45310318
-0.49535507
-0.52823883
-0.60927814
-0.733387
-0.74094605
-0.78927714
-0.79352546
-0.7650948
-0.9189813
-1.0006425
-1.0933049
-1.1302221
-1.1308427
-1.0372087
-1.2854993
-1.394934
-1.5713235
-1.5866752
-1.6250813
-1.7032316
-1.7096052
-1.4658039
-1.3727977
-1.124574
-1.091688
-1.0845444
-1.0446672
-1.1019312
-1.1408994
-0.99995613
-1.0084524
-0.7504923
-0.64633346
-0.5996655
-0.63898593
-0.6575073
-0.5696701
-1.0912843
-1.0651875
-0.90468305
-1.1986158
-1.2261102
-0.975537
-1.0723715
-1.0896097
-0.9242151
-0.550544
-0.24359892
-0.20821583
-0.044752873
-0.043468088
0.02716206
-0.008362517
0.025141165
0.15666609
0.12719662
0.24109931
0.8164342
0.86222
0.9650569
1.0908823
1.239275
1.3301786
1.2572497
1.1423728
1.1993191
1.243858
1.2263806
1.36115
1.3402593
1.3763462
1.3213943
1.4441674
1.4159756
1.4116831
1.5224466
1.5592902
1.7210791
2.096537
1.5802515
1.5199311
1.3338315
1.1093969
1.0854121
1.1609964
1.3364544
1.4229655
1.300396
1.4091036
1.4134007
1.307637
1.0786207
0.83150035
0.6307746
0.21005617
0.044382483
0.06967433
0.079252735
0.053585887
0.053585887
0.026990816
-0.043386042
-0.096143074
-0.1082895
-0.12569717
-0.17312782
-0.20906386
-0.17242834
-0.1760074
-0.21852618
-0.40240985
-0.45943803
-0.46102983
-0.4877584
-0.5036712
-0.58632064
-0.4784751
-0.555716
-0.5820932
-0.5678088
-0.5678088
-0.70912606
-0.74364686
-0.80037415
-0.7978413
-0.8102368
-0.859043
-0.9487158
-0.9861896
-1.0014293
-1.0190158
-0.9924945
-0.9775262
-0.9772718
-1.0175549
-0.9636043
-0.9636043
-0.973259
-0.77383405
-0.7824581
-0.8463173
-0.77666414
-0.75604963
-0.8109033
-0.98332286
-0.86115026
-0.7948449
-0.72784215
-0.79924005
-0.7244368
-0.70034605
-0.69416094
-0.6468353
-0.6070908
-0.66581523
-0.6490774
-0.74950504
-0.60905117
-0.5938542
-0.6806561
-0.6575773
-0.5862761
-0.5519663
-0.6062669
-0.43695587
-0.3126818
-0.46372145
-0.15085097
-0.17054312
-0.20059288
-0.15636387
-0.37224013
-0.24714622
0.20903854
-0.41192496
0.6798198
0.72252953
0.43377554
0.8882369
1.0287381
1.000766
1.066492
0.9249611
0.96457434
1.0366681
1.4034934
1.4796416
1.3552773
1.2897806
1.161289
1.161289
1.0826087
1.1376145
1.0997748
1.2220874
1.0823935
1.2171193
1.2171193
1.3302771
1.1159675
1.0866432
0.87031204
0.94605184
0.49382257
0.8113823
0.79951334
0.844784
0.93088055
0.89247227
0.882209
0.8566134
0.8012511
0.717289
0.37793916
0.45785248
-0.05974264
-0.05974264
0.0051898137
-0.024869338
-0.04010743
-0.049243152
-0.04022324
0.0063811988
0.010373227
0.03723727
0.12399812
0.118928775
0.061459407
0.048281595
0.0147752315
0.005700588
0.05424227
0.034617916
-0.37177026
-0.37177026
-0.46406668
-0.38265455
-0.29711282
-0.26401693
-0.32992315
-0.4227115
-0.487315
-0.45899987
-0.45560908
-0.5032678
-0.5113049
-0.56203765
-0.5616353
-0.6120423
-0.5430059
-0.588368
-0.5693119
-0.5898176
-0.53794134
-0.7262403
-0.7067416
-0.7067416
-0.63640946
-0.5192903
-0.5605561
-0.5395588
-0.50323164
-0.5707323
-0.5445028
-0.66556036
-0.6578623
-0.73740506
-0.7529615
-0.6588527
-0.61676013
-0.61051023
-0.5991397
-0.665408
-0.6995822
-0.85238135
-0.82004106
-0.6994399
-0.7354816
-0.8390293
-0.822103
-0.74712336
-0.83450115
-0.8041637
-0.8808197
-0.84534574
-0.8729143
-0.8458588
-0.87209755
-0.7741233
-0.6914872
-0.6221472
-0.5812455
-0.5761465
-0.5924388
-0.6351265
-0.6351265
-0.6259633
-0.6507801
-0.64634484
-0.59015673
-0.6478361
-0.5504257
-0.5422241
-0.4987324
-0.594287
-0.58271444
-0.5635925
-0.6397488
-0.5730995
-0.57549834
-0.538629
-0.5611749
-0.59257495
-0.5509048
-0.58914024
-0.54961896
-0.6285347
-0.5589337
-0.5493044
-0.5552198
-0.5552198
-0.29094815
-0.16348013
-0.31265056
-0.22677141
-0.28614444
-0.379161
-0.3956284
-0.37383664
-0.438102
-0.33038628
-0.4258893
-0.3414808
-0.41256005
-0.4963292
-0.52712476
-0.4877569
-0.494101
-0.616251
-0.6004173
-0.5508861
-0.59545285
-0.6361387
-0.66489834
-0.53725433
-0.5656429
-0.6262058
-0.58903855
-0.54913014
-0.5046863
-0.5278006
-0.484765
-0.49247295
-0.515636
-0.50215924
-0.46414685
-0.5066383
-0.4937091
-0.53817177
-0.5456976
-0.53965366
-0.5576428
-0.47968638
-0.52891
-0.36360377
-0.5146369
-0.34800705
-0.52139574
-0.13475364
-0.4656639
-0.083344385
0.27194744
0.454606
0.11989114
-0.05450242
-0.041563556
-0.21069734
-0.20038953
-0.23961817
-0.12604442
-0.20136963
-0.020871066
-0.048005134
-0.07806714
-0.015034795
-0.013830677
0.04959421
-0.12709084
0.057064548
-0.05623185
-0.01653935
-0.01653935
-0.10642895
-0.09216802
-0.12221117
-0.12308406
-0.16432899
-0.32017085
-0.1052837
-0.18242288
-0.21374732
-0.28736848
-0.3683272
-0.3077334
-0.2296927
-0.19233978
-0.04439994
-0.2687002
-0.12795357
-0.09461943
-0.15203232
-0.13689356
-0.09143514
-0.099402234
-0.06725653
-0.066360876
-0.08578203
-0.062946565
-0.07080047
-0.06690286
-0.057695925
-0.07070479
-0.054679967
-0.09849344
-0.0784089
-0.086902395
-0.014540195
-0.01835613
-0.05536724
0.13687654
0.124339566
0.24635418
0.09517303
0.35566825
0.5786129
0.44316614
0.02077055
-0.10206011
-0.104145385
-0.16644697
-0.16715983
-0.12461725
-0.11292979
-0.05333902
-0.09234233
-0.0642311
0.078446165
-0.060059417
-0.07101081
0.22626849
0.0042122006
0.03158994
0.1387804
0.21187706
-0.092181556
-0.05098132
0.08520493
0.015411064
0.13806535
0.10699789
-0.118449025
-0.034282967
0.030423716
-0.06299852
-0.11351448
-0.09362865
-0.1011317
-0.0061396062
-0.030220777
-0.090285115
-0.11493971
-0.11821374
0.018335521
0.038526043
-0.006965019
-0.024543613
-0.044664137
0.0046833754
0.28167766
0.23685063
0.20588274
0.4840762
0.5251479
0.07151666
0.091459334
0.050363973
0.08768439
0.041453063
0.068818584
0.30279547
0.6333217
1.2354633
1.1497295
1.1600456
1.2100228
1.1349962
1.1136804
1.0164816
1.0070691
1.0298195
0.9434023
0.97702587
0.9209169
0.8734771
0.8669207
0.8484751
0.8527645
0.8906361
0.9538485
0.8684197
0.87933195
0.87115365
0.89438164
0.81046975
0.9766294
0.986047
1.2807214
1.24321
1.2733499
1.2360599
1.5362592
1.4546247
1.4393713
1.4437668
1.4232047
1.2570542
1.4556468
1.4556468
1.3459914
0.8045811
0.41223365
0.60638976
0.3455966
0.22908483
0.049436644
-0.15339279
-0.07838122
-0.07838122
-0.43485475
-0.45747858
-0.57891965
-0.60636204
-0.57144964
-0.7359781
-0.71202624
-0.6899464
-0.76174843
-0.99550337
-1.0029424
-1.0944427
-1.0775741
-1.0841942
-1.0880202
-1.1179882
-1.0931523
-1.153343
-1.258203
-1.2640934
-1.2009451
-1.2983958
-1.2421056
-1.2822388
-1.2843983
-1.3530457
-1.2576866
-1.3100221
-1.2305242
-0.6355815
-0.46961844
-0.86445355
-0.7858405
-0.7657647
-0.78324354
-0.57945323
-0.6344112
-0.54366153
-0.4479583
-0.5629613
-0.7287662
-0.5842077
-0.72482044
-0.5907205
-0.73238295
-0.85487854
-0.9384321
-0.78647506
-1.1440248
-1.0291295
-0.9060337
-0.8129282
-0.7871336
-0.47678268
-0.90247416
-0.90314406
-0.926214
-0.71070176
-0.74216735
-0.7323202
-0.8789301
-0.3901531
-0.0021600872
0.5060602
-0.015176624
-0.5493599
-0.04128144
-0.01859717
0.17941518
0.081399456
0.38547128
0.526477
0.6182288
0.32799917
0.35036284
0.7240249
1.138988
1.2928371
1.0535429
1.0204185
1.0204184
0.9843681
1.0983683
1.0537597
1.0382615
0.96477115
0.9426913
0.90914893
1.1033146
1.1206167
1.0407224
0.98923886
1.1339475
0.9726391
1.1988132
1.4122418
1.6143782
1.6043906
1.5834574
1.460791
1.6647708
1.6010028
1.6454163
1.7678969
1.7766052
1.8481245
1.8578336
1.9352026
1.9713368
1.8936615
1.6210673
1.641773
1.5756091
1.6164386
1.4588964
1.4035699
1.3784952
1.4133508
1.4228563
1.4669704
1.3434608
1.0986975
0.9877051
1.083519
0.970664
1.044398
0.85689
0.8599038
1.0648717
0.82284474
0.9416511
1.0114653
0.75166
0.92124104
0.896353
0.85321254
0.9546863
0.88546556
0.73103034
0.6132517
-0.0003067106
-0.06025041
-0.039468877
-0.054499805
-0.024975896
-0.027400427
0.028274432
-0.00059463084
0.003197126
0.06928775
0.09794159
0.11426376
0.06522046
0.09392758
0.08459188
0.07161458
0.028887823
0.02966313
0.02966313
0.03332986
-0.090839565
-0.17443329
-0.32283634
-0.28152642
-0.41711497
-0.37364066
-0.3686589
-0.37939847
-0.3958767
-0.41992152
-0.4591735
-0.35371208
-0.3312847
-0.42227274
-0.40211564
-0.4483478
-0.43196225
-0.46523082
-0.44195855
-0.43074578
-0.4503197
-0.3336379
-0.42624998
-0.4413212
-0.38858205
-0.43043542
-0.42229778
-0.44531864
-0.46733558
-0.4270777
-0.42872596
-0.44070762
-0.3911972
-0.40681118
-0.43989134
-0.43217695
-0.4224121
-0.46129137
-0.43156052
-0.42584348
-0.4130978
-0.4413849
-0.39498162
-0.6158151
-0.59455013
-0.6953112
-0.6560593
-0.56963354
-0.4884979
-0.592598
-0.6479248
-0.64046866
-0.6705494
-0.720559
-0.75098324
-0.759617
-0.40579116
-0.5388643
-0.2634111
-0.29048845
-0.2940057
-0.081628904
-0.044812344
-0.014745474
0.055502668
0.6717131
0.75638473
0.95169556
1.0124547
0.8709277
0.99746656
0.6274549
0.5069871
0.55361915
0.9340311
0.87116104
0.97866035
0.8087577
0.95040345
0.9538827
0.95426226
1.0822377
1.0546596
1.082226
1.0352002
1.2931995
0.96548986
1.0145202
0.95544004
0.5736833
0.7209686
0.64995754
0.5311157
0.86143935
0.8840606
0.82016015
0.9022963
0.74322295
0.8367998
0.93968725
0.85558426
0.8002243
0.7542194
0.665195
0.6569147
0.5801273
0.48354524
0.2066498
0.2176568
0.13044454
0.14010997
0.11879493
0.21762462
0.21934424
0.25574726
0.26103455
0.32237595
0.3979655
0.46716487
0.4901513
0.44802737
0.7939247
0.55168307
0.64215255
0.6951944
0.5352816
0.74461484
0.19096352
-0.1020178
-0.10898882
-0.2208732
-0.23925763
-0.32502335
-0.08848143
-0.08656545
-0.09210019
-0.064584956
-0.06710904
-0.09261519
-0.09363505
-0.1553587
-0.16944869
-0.07323629
-0.13506763
-0.11930442
-0.14455107
-0.1317447
-0.19807577
-0.27345932
-0.27345932
-0.3856194
-0.3856194
-0.3420537
-0.5161165
-0.539392
-0.6530878
-0.5287437
-0.4368043
-0.46472776
-0.48640734
-0.72476333
-0.51177275
-0.6351187
-0.5459641
-0.477875
-0.42585576
-0.4500507
-0.5685755
-0.64816415
-0.6425467
-0.43042338
-0.5002428
-0.5860996
-0.45416993
-0.481175
-0.50480765
-0.5100841
-0.5057022
-0.2642042
-0.23818862
-0.27059454
-0.2511443
-0.1902637
-0.21012239
-0.21158475
-0.3887005
-0.4555775
-0.42001152
-0.43525618
-0.32941335
-0.4950717
-0.4599281
-0.45928252
-0.3434614
-0.38789815
-0.38917583
-0.451553
-0.33139855
-0.4537061
-0.26215065
-0.47270292
-0.47201276
-0.42282867
-0.14782393
-0.43863088
-0.062594965
0.099083975
-0.058450684
0.29265445
-0.100076005
0.32689655
0.39872622
0.42121643
0.38560033
0.39549464
0.2951501
0.23596837
0.12891392
-0.03468533
0.5935141
0.6725665
0.31561625
0.33288658
0.07040419
0.06005749
0.22657205
-0.01813668
0.19264875
-0.049364492
0.008037843
0.056859106
-0.037707917
-0.026527964
-0.12891924
-0.08936508
-0.17534113
-0.13395514
-0.21992005
-0.13679093
0.09439759
-0.19855523
-0.008238621
-0.19021222
-0.3136521
-0.018440746
0.0439779
-0.050079137
0.24401008
-0.034442775
0.4032786
0.29920584
0.080245644
0.10162543
0.33884788
0.36458766
0.10337193
-0.06454268
0.7070628
0.44542336
0.6653093
0.9751725
0.9672246
0.78077716
0.55445623
0.6729152
0.51554334
0.552775
0.5737836
0.21995895
0.37986624
0.38281834
0.506405
0.3009457
0.35713166
0.1164418
-0.10681282
0.030206904
0.06476234
-0.12839028
0.123571336
-0.21207081
-0.06331459
-0.2225466
-0.2919254
-0.050540403
0.06950241
-0.056193218
-0.12065938
-0.059575785
0.31755686
0.15239511
0.14811046
0.33434767
0.2035027
0.36915356
0.22440661
0.5246849
0.46666145
0.1424454
0.3518281
0.39928025
0.13009062
0.18608953
0.21576725
0.024168953
0.024168953
0.92389727
0.92389727
0.0069206953
0.022320777
0.08014366
0.100886
0.16274272
0.013990298
0.14825098
-0.014259979
-0.008423299
-0.03458844
-0.03778895
0.021152705
-0.045155227
-0.045155227
-0.053723246
-0.07201189
-0.06238054
-0.05771489
-0.07388055
-0.07565321
-0.07112399
-0.07198152
-0.06127763
-0.022429317
-0.0444533
-0.07976322
-0.06431495
-0.16418147
-0.1641815
-0.12088092
-0.093043715
-0.14874536
-0.10875719
0.07230191
0.35582238
0.34296155
0.32539493
0.22863264
0.8866801
0.6838026
0.6127876
0.686149
0.41277528
0.5235138
0.67788124
0.48956
0.6541509
0.76754785
0.6823238
0.5466161
0.43622577
0.5012657
0.480529
0.47287405
0.44960737
0.38836503
0.34541643
0.6517493
0.46173692
0.43375522
0.5335877
0.5438529
0.9198395
0.8263451
1.0088179
1.0049484
1.0049484
1.0578473
0.77291477
0.35401267
0.25578278
0.07688497
-0.08186142
-0.077629134
0.015427187
-0.13396344
-0.080342546
-0.114158615
-0.04855723
0.14812978
0.06919937
0.053447887
0.23704825
0.26827675
0.2559107
0.12891978
0.27955133
0.13577326
0.25520694
0.15755545
0.1624193
0.08540045
0.30488878
0.25777036
0.08169052
0.23182698
0.2624271
0.116646454
0.18765514
0.23299779
0.3997996
0.17406471
0.057581022
0.005365014
0.025436237
0.081199765
0.19997533
0.28730202
0.15812595
-0.010776259
0.1816725
-0.016487315
0.03121975
-0.081450135
-0.07965263
-0.097760096
-0.0902994
-0.058058977
-0.106868796
-0.055632077
-0.08538032
-0.08840695
-0.11810347
-0.090134926
-0.12274213
-0.06031145
-0.061483584
-0.11196181
-0.11424037
-0.12005115
-0.07041475
-0.09648728
-0.10048786
-0.09889733
-0.08857182
0.010898948
-0.037230603
0.13749827
0.09111549
0.02812852
-0.019171521
-0.052921932
-0.0539822
-0.024775803
-0.040047407
0.14853711
0.3023891
0.4557991
0.60805655
0.6348461
0.5461938
0.617141
0.6137718
0.45278156
0.29922026
0.34689116
0.5267674
0.3751456
0.84433246
0.70188874
0.8146451
0.8146451
1.0439906
0.9731214
0.9731214
1.1285572
1.1608057
1.110859
1.1419418
1.2295043
1.149503
1.1000255
1.12102
1.0854851
1.1469768
1.1429722
1.1812067
1.1724929
1.199205
1.0977833
1.0977833
1.096878
1.1267486
1.3292183
0.8947549
1.1684053
0.8067342
1.0336826
1.0709726
0.9778836
1.0684147
1.0288441
1.0288441
1.0218816
1.1360064
1.2991201
1.2193648
1.1906867
1.1383085
1.1984572
0.99085045
0.99085045
1.1187023
1.0666884
0.9718096
0.92072475
0.88078254
0.82719475
0.7248006
0.5360929
0.7359884
0.76460385
0.87033623
0.6208329
0.7940719
0.7940719
0.9412532
0.8200027
0.72056913
0.7419208
0.9684676
0.6887301
0.7076436
0.56164205
0.12730108
-0.07789287
-0.03422401
-0.27084166
-0.18063575
-0.001500994
0.024835661
0.028783754
-0.21580255
-0.23427299
-0.35857743
-0.29826277
-0.3570968
-0.5039041
-0.73929775
-0.7307216
-0.5956487
-0.28320888
-0.3087154
-0.15497617
-0.037146285
0.20274188
0.1883009
0.084893525
0.062656775
-0.13629662
-0.33858764
-0.21352759
-0.31410122
-0.47488976
-0.19764598
-0.24093181
-0.1513861
-0.2932198
-0.17449117
0.26888645
-0.2693509
0.016587839
0.039967075
-0.32748246
-0.4519872
-0.3915888
-0.73256344
-0.7602368
-0.7054641
-0.6947826
-0.97128546
-0.6470306
-0.507478
-0.58585715
-0.4049555
-0.6111361
-0.37090033
-0.6529289
-0.4560325
-0.4671932
-0.39482307
-0.45307797
-0.5433939
-0.13976651
-0.33978635
-0.47288436
-0.386674
-0.41609722
-0.47593522
-0.4749604
-0.4305538
-0.43991125
-0.30910614
-0.38866222
-0.57514507
-0.8141048
-0.77546203
-0.7809349
-0.8438939
-0.8491378
-0.9215746
-1.014621
-1.014621
-0.9954603
-0.95630026
-0.9561479
-1.0072771
-1.01444
-0.94167566
-0.8642224
-0.86242634
-0.80378467
-0.8171282
-0.8173798
-0.8231367
-0.79933214
-0.77986366
-0.7652712
-0.81548786
-0.7663722
-0.78488576
-0.7202202
-0.67103165
-0.69947696
-0.71596175
-0.582262
-0.6215568
-0.5822943
-0.62493515
-0.60716486
-0.5385777
-0.50381464
-0.5241313
-0.44550788
-0.44550788
-0.56346256
-0.5876139
-0.56760466
-0.17668054
-0.26227123
-0.30527383
-0.07884048
1.0176537
0.42417544
0.44423866
0.66483074
1.1173738
0.7698978
1.2500024
1.3336496
1.2545731
1.2337279
1.4139965
1.0672607
0.9680693
1.0360719
1.2023573
1.3040184
1.2221658
1.2576854
1.1957425
1.1782136
1.2058237
1.0745227
0.81827605
0.7445063
0.6553746
0.7426695
0.8137816
0.78486603
0.9715524
1.0427834
1.1040719
1.1622851
1.0742184
1.1051929
1.1189616
1.122691
1.1171651
1.2345942
1.1724246
1.234484
1.2532668
1.2403487
1.2959101
1.2601899
1.2335236
1.2241318
1.2126005
1.1167514
1.2178248
1.1188871
1.1353157
1.1077763
1.1239418
1.1391888
1.1652743
1.0804439
1.1010728
1.1304823
0.93459773
0.99133825
0.91266704
1.0689702
0.86921436
0.91451764
0.72414136
0.9485202
0.9065496
0.98349607
1.2468123
1.2785203
1.3086721
1.4116664
1.3836479
1.438128
1.5461957
1.6116161
1.7474389
1.7774965
1.8319588
1.9001384
1.725829
1.6871457
1.6394354
1.5589492
1.51036
1.4770837
1.4280791
1.4734348
1.5275018
1.5084953
1.4872745
1.2946638
1.3241009
1.3314421
1.3200274
1.16171
1.1536007
1.090766
1.1020141
1.008941
1.018034
1.2535303
1.1489744
0.8313216
0.8243559
0.90167034
0.94179094
0.8058225
0.69817233
0.8991437
0.8260217
0.7649882
1.0765142
1.1819217
1.1583688
1.1888826
0.6550034
0.024260014
0.0053236485
-0.007347755
-0.016369998
0.00080886483
0.01450263
0.04498522
0.108627394
0.119327545
0.14440127
0.11464061
0.12059806
0.13594408
0.10074051
0.09067623
0.03769073
0.0411745
-0.005988002
-0.005988002
-0.0061083883
0.16052826
0.2001488
0.23031487
0.22315194
0.15141155
0.06139876
0.061949834
0.25926143
0.29265523
0.45453024
0.36285746
-0.038918965
-0.18566108
-0.23345144
-0.25961095
-0.15690497
-0.2336425
-0.2828883
-0.53374773
-0.7310537
-0.251858
-0.23782232
-0.057394184
-0.26145533
-0.39112723
-0.5142662
-0.7319205
-0.5142073
-0.8231745
-0.67510694
-0.70655084
-0.4895748
-0.43372762
-0.1432151
0.2449416
0.164097
0.06617536
0.015262857
0.14253367
0.35079026
0.07000263
0.07513367
-0.26870763
-0.35761195
-0.5528857
-0.6363496
-0.6176479
-0.71370625
-0.6158256
-0.5732546
-0.6883291
-0.66315913
-0.78187764
-0.5356519
-0.5292778
-0.40677255
-0.37065
-0.52801913
-0.55453736
-0.4973321
-0.5243317
-0.5916077
-0.5346757
-0.63460124
-0.5451478
-0.542004
-0.5344644
-0.4919991
-0.5007592
-0.49894315
-0.48651552
-0.47806317
-0.5886983
-0.67409843
-0.56576335
-0.66664994
-0.6076366
-0.51659757
-0.606731
-0.60989463
-0.71070176
-0.6725279
-0.53413516
-0.5410919
-0.62288
-0.41510695
-0.39471322
-0.36508727
-0.22217616
-0.041339323
0.081893995
0.3982451
0.6756452
0.7759863
0.8103923
0.8103923
0.8574735
0.91499007
1.0880939
1.0606987
0.858459
0.92883086
1.1174881
1.2467926
1.0738257
1.0738257
1.20246
0.9795575
1.2797307
1.1667933
0.97520936
0.75898314
0.67586374
0.118130565
0.2502283
0.2502283
0.1222948
0.16875578
0.28292114
0.23045857
0.13783117
0.25713974
0.3628747
0.34526324
0.8849038
0.9543698
1.2063684
1.2494249
1.0580775
1.0653195
0.75935364
1.2235575
1.275883
1.0553253
1.3427913
1.4062741
1.2731133
1.2835511
1.2933862
1.0532291
1.1343416
1.1343416
1.165756
1.092447
1.2552174
1.2013146
1.1783221
1.1456344
1.119636
1.1997206
1.3674906
1.2876637
1.068748
0.62322146
0.31818002
0.20620303
0.15169038
0.017530218
-0.009162553
0.013717383
0.06894764
0.09614949
0.03367257
0.17080517
0.44495904
0.4180181
0.40828687
0.4130816
0.3373077
0.30509734
0.323457
0.35742903
0.298918
0.097516194
0.11212008
0.04907021
0.1537369
0.32908
0.3241769
0.29789174
0.24761708
0.3706745
0.2918256
0.25597876
0.20550351
0.26821244
0.20554213
0.097190276
0.1536669
0.26805782
0.20050482
0.28417206
0.41628438
0.34912747
0.30143493
0.3407067
0.24417974
0.29087555
0.17236696
0.17529573
0.19691734
0.16628776
0.15584214
0.15508936
0.15190525
0.14515899
0.08113192
0.09415589
0.054546818
-0.037754446
0.034193173
0.060600683
-0.06288411
-0.116610125
-0.13148959
-0.17411348
-0.34256107
-0.47709125
-0.38853842
-0.51396066
-0.45339495
-0.3983202
-0.47744274
-0.73643315
-0.7379237
-0.80606216
-0.8407588
-0.9006233
-0.91422635
-0.6185255
-0.8434044
-0.95875794
-0.9196528
-0.9643012
-0.9858179
-0.78326774
-1.0198964
-1.1035118
-1.0402105
-1.1230607
-1.0824627
-1.1183896
-1.0907251
-1.0693569
-1.0739251
-1.0836971
-1.1061891
-1.1061891
-1.0419753
-1.0354122
-0.9970853
-0.96190166
-0.8613008
-0.8005917
-0.84533066
-0.73131126
-0.63006043
-0.7062861
-0.5571757
-0.47387046
-0.6844515
-0.7094215
-0.6361255
-0.6138695
-0.6202085
-0.81388897
-0.64001644
-0.6687075
-0.70759934
-0.8028829
-0.8191291
-0.62727684
-0.5359554
-0.59598225
-0.52690387
-0.64157987
-0.7346877
-0.80346227
-0.74521077
-0.88750744
-0.8877354
-0.838885
-0.8098837
-0.812494
-0.8558992
-0.863104
-0.7623744
-0.7211165
-0.6684483
-0.79130405
-0.85212153
-0.8440526
-0.83059084
-0.8491771
-0.691962
-0.70487386
-0.91146576
-0.8330885
-0.72862786
-0.6703412
-0.9459945
-0.6734047
-0.64125025
-0.81432825
-0.7596246
-0.722482
-0.5193028
-0.8644886
-0.99017835
-0.7373143
-0.39033568
-0.7987194
-0.5907793
-0.688603
-0.59900284
-0.5782013
-0.92428714
-0.7716851
-0.69559216
-0.67680645
-0.686854
-0.9562393
-1.0137819
-1.0079206
-1.0044451
-0.981863
-1.0862948
-1.0571737
-0.9777733
-1.0288707
-1.0414375
-1.0822747
-1.0305576
-0.9765947
-0.9533041
-1.0092906
-0.89165294
-0.91115713
-0.8688162
-0.98189676
-1.0098863
-1.0294154
-0.87698305
-0.941828
-0.9780579
-0.9365613
-0.9339742
-0.9339742
-0.9116353
-1.0207603
-1.0328642
-0.90884495
-0.98951757
-0.94112056
-1.009033
-0.84132624
-0.83981407
-0.74976164
-0.7739198
-0.6172255
-0.677703
-0.84307265
-0.7614595
-0.6521461
-0.65565836
-0.6434506
-0.8417805
-0.4083596
-0.821024
-0.69613755
-0.61876595
-0.6882826
-0.54093474
-0.86910176
-0.92936414
-0.992562
-0.9836486
-0.87705934
-0.93701667
-0.95678866
-0.80623007
-1.0491786
-0.991409
-0.6127698
-0.8108543
-0.75615144
-0.6754418
-0.6170919
-0.6728954
-0.6599123
-0.8076754
-0.36880285
-0.6885704
-0.42110443
-0.2621062
-0.26019996
-0.34214574
-0.4489227
-0.34012276
-0.4272709
-0.567735
-0.49804157
-0.27337652
-0.16287395
-0.29694003
-0.17536813
-0.13571166
-0.42104512
-0.3037058
-0.5789091
-0.43307543
-0.33309147
-0.7238723
-0.42719305
-0.08631782
-0.13819237
0.31727493
0.09548807
-0.15582049
-0.14228094
-0.2048451
-0.08119455
0.10848673
0.044230536
-0.35304934
0.06091477
0.30469906
0.35471874
0.42497867
0.053702876
0.081304684
0.34666163
0.25725067
0.1312055
0.055516794
0.40071213
0.76129013
0.7659825
0.63067997
0.66087174
0.56585014
0.3847434
0.37484616
0.7554115
0.75225425
0.81325483
0.85448897
0.9930062
0.88467634
0.9454142
0.8688469
0.9049361
0.90207493
0.82798177
0.85761094
0.76314247
0.7521198
0.9444436
0.95478654
0.8491404
0.8992195
0.82991135
0.67580664
0.21367894
0.08552261
0.3170942
0.19943424
0.06495793
0.122666046
0.48450887
0.7369264
0.7190304
0.7290019
0.82444286
0.9482169
0.8799411
0.687163
0.8407959
0.62568504
0.620009
0.49313354
0.56793976
0.44467437
0.6124582
0.9042816
0.5310478
0.0925145
0.048303843
-0.032433696
0.0016279519
-0.029697627
0.010723636
0.011837736
0.0040587187
-0.054785077
-0.09140912
-0.10139419
-0.100056954
-0.06728632
-0.024121009
-0.05886577
-0.01679422
-0.06861302
-0.06289445
-0.06289445
-0.08018933
-0.07529227
-0.07932314
-0.08464091
-0.0759397
-0.08102712
-0.07799947
-0.07227497
-0.07504669
-0.07127867
-0.052033268
-0.055983104
-0.06571316
-0.028235972
-0.035300575
-0.05130759
-0.025192067
-0.055918522
-0.033007555
-0.05916
-0.08317789
0.05460809
0.12352748
-0.022339076
0.1159461
0.40948665
0.5123903
0.17572759
-0.1099448
-0.037318908
-0.10282042
0.26170826
0.0016871095
0.10065283
0.65874153
0.6250794
0.6324291
0.6840819
0.31039643
0.5159296
0.16778846
0.26850498
0.36555213
0.55037814
0.52216446
0.48537087
0.33324093
0.3819554
0.5596236
0.41807413
0.34936953
0.33042878
0.2943471
0.2663175
0.1729166
0.3645172
0.41662222
0.2950577
0.32142645
0.49161184
0.5072491
0.48300534
0.6860286
0.7575682
0.93534064
0.9131446
1.028375
0.9580209
0.73517907
0.321222
0.35497373
0.49756813
0.30410707
0.099846795
-0.073643446
-0.08343362
-0.09382962
-0.12627015
-0.08705957
-0.1031577
-0.1031577
0.09528373
-0.045678265
-0.020237766
-0.07015543
0.22644843
0.19149567
0.44706726
0.5308486
0.13530202
0.29189575
0.19420587
0.30380565
0.13169387
0.20025535
0.18661927
0.19567086
0.27045584
0.20791973
0.24191327
0.14841886
0.19161917
0.06753607
0.109227404
0.15435554
0.28449786
0.2989896
0.23101933
0.04356827
0.09834969
0.201373
0.24816169
0.11515549
0.12522024
0.08751242
0.082144246
0.09371014
0.18540896
-0.01707393
0.1143311
0.056534782
0.30315942
0.1581771
0.27806997
0.22357051
0.29362106
0.14088549
0.18113185
0.10211451
0.01512216
-0.031852655
0.001759246
0.0010540411
0.25551867
0.18032067
0.20369492
0.17511378
0.1567009
0.10755719
0.3053167
0.24978031
0.34021932
0.15838917
0.102373615
0.097622976
0.02688925
-0.031886503
-0.056021743
0.009845249
-0.011154957
-0.06889805
-0.07079896
-0.057446547
-0.14498393
-0.074962445
-0.056918703
-0.36850148
-0.3053829
-0.3053829
-0.4929322
-0.5278464
-0.55532044
-0.54995
-0.53712666
-0.5041561
-0.52287406
-0.5473749
-0.5173247
-0.52567035
-0.49629796
-0.49001944
-0.54876155
-0.56807804
-0.5180279
-0.5297005
-0.52146053
-0.4770962
-0.43941432
-0.39110827
-0.39901423
-0.35971814
-0.38595808
-0.47234994
-0.45728368
-0.25271422
-0.32923603
-0.31815296
-0.19765198
-0.12682015
-0.17008355
-0.17803565
-0.21071762
-0.21631399
-0.1983511
-0.11185597
-0.12188836
-0.11313761
-0.07882571
-0.03628792
-0.046258695
-0.01867219
-0.014147535
-0.01859568
-0.01617828
-0.050025336
0.017064288
-0.041136384
-0.015576512
-0.09089886
-0.08222021
-0.06759566
-0.06846422
-0.05872818
-0.061454937
-0.064884566
-0.05609142
0.0013217852
-0.028641507
0.050628945
-0.013177395
-0.053309225
0.07174964
0.105340704
0.17052121
0.1318701
0.19089867
0.26856935
0.2013344
0.27564973
0.392982
0.42251897
0.3018375
0.25629866
0.24560334
0.23282246
0.41257775
0.26106137
0.20646591
0.21758758
0.25432235
0.1817769
0.08503759
0.26733696
0.29703933
0.29702735
0.20044191
0.32263422
0.5022123
0.37970036
0.2979471
0.5418608
0.40819466
0.34254378
0.46243286
0.46243286
0.27720368
0.28283417
0.4294247
0.3253361
0.40769398
0.34233743
0.35708934
0.4707862
0.50764465
0.5479629
0.59517
0.4334966
0.43872058
0.45875937
0.61499536
0.34789735
0.4272567
0.46278554
0.6728488
0.86572576
0.98986554
0.8890729
0.9196098
0.90562713
0.9092667
0.82948554
0.8943442
0.9086466
0.68184495
0.6458732
0.8311384
0.81648386
0.6591495
0.54391146
0.56777287
0.5222752
0.69551617
0.7821517
0.8406062
0.6295264
0.41479623
0.46643
0.4119711
0.099237904
0.26581073
0.04563047
0.016336158
-0.07502329
-0.16744259
-0.18551834
-0.21716334
-0.21716334
-0.22011195
-0.23134185
-0.37969166
-0.38729894
-0.45673972
-0.40491265
-0.40604144
-0.5364977
-0.48769188
-0.6400229
-0.5905632
-0.5327452
-0.5874038
-0.5624546
-0.596658
-0.4276542
-0.52423924
-0.512124
-0.49391723
-0.39075595
-0.45949495
-0.61451495
-0.7370546
-0.770324
-0.78068066
-0.8174938
-0.8002259
-0.87901855
-0.88263106
-0.9123235
-0.9061638
-0.89089084
-0.95016897
-1.0187415
-1.0461488
-1.1493838
-1.0624461
-1.1298091
-1.1768138
-1.1607771
-1.0674922
-1.1009396
-1.1170709
-1.188105
-1.1808498
-1.2216065
-1.2390088
-1.2618548
-1.3803109
-1.458966
-1.400125
-1.4074028
-1.4282337
-1.5488563
-1.5894358
-1.6833968
-1.7454206
-1.653788
-1.7370164
-1.692929
-1.8270917
-1.8660616
-1.9049498
-1.9798985
-2.0827737
-2.0193653
-2.0179937
-1.8705658
-2.004486
-1.9739051
-1.9507875
-2.0103917
-1.9803202
-2.1116974
-2.1116974
-2.189461
-2.2535567
-2.2357392
-2.2264752
-2.2117548
-2.1515107
-2.2035809
-2.2419422
-2.0776496
-2.09852
-2.023526
-1.2729744
-0.9893788
-0.77985376
-0.86104596
-0.923254
-1.0325485
-1.1111428
-1.2135434
-1.0749753
-1.0381899
-1.0829153
-0.8699473
-0.92711973
-0.8065958
-0.8065958
-0.7911575
-0.84103394
-0.9927766
-1.1094556
-1.1011804
-0.9327317
-0.99311423
-0.9442759
-0.83721465
-1.0344286
-0.976087
-0.9945122
-0.82209516
-0.77038014
-0.73044395
-0.7176175
-0.8068986
-0.7641827
-0.8596706
-0.77104807
-0.87215066
-0.88910866
-0.9358934
-0.9373566
-1.1125902
-0.98535216
-1.0195606
-1.0044982
-1.0657725
-1.0592976
-1.0582176
-1.1371846
-1.0172964
-0.9940117
-0.9637716
-0.8282672
-0.7485484
-0.57903105
-0.61629945
-0.6356101
-0.57195216
-0.74132484
-0.52475524
-0.4862817
-0.5085696
-0.48501205
-0.44294733
-0.53020173
-0.34865695
-0.49409783
-0.45126665
-0.39770526
-0.34756294
-0.48587984
-0.5621732
-0.28880084
-0.50232846
-0.47838587
-0.42969882
-0.58102953
-0.76236975
-0.78549963
-0.8750502
-0.6179021
-0.18451825
-0.0977522
-0.048203096
-0.20155983
-0.39925718
-0.5115539
-0.30423135
-0.30528313
-0.08860108
0.049307063
0.03299679
0.13401985
0.03321241
0.19072612
0.26619858
0.69750375
0.290595
1.0654204
0.53954047
0.97533584
0.93780684
0.89768577
1.0156422
0.85928106
0.72583765
0.8678256
1.0451703
0.91394746
0.96333385
1.0246577
1.0631411
1.0820118
1.1042709
1.0954115
1.1370152
1.0826038
1.1129891
1.0900369
1.0785313
1.1313136
1.1313136
1.1323442
1.0280211
0.97913504
1.1690987
1.0869393
1.1488359
1.0965736
1.2306757
1.265243
1.257027
1.2029665
1.2225118
1.2126584
1.195262
1.2350984
1.206764
1.2254583
1.2625961
1.3063378
1.2925755
1.2885032
1.3427961
1.3571831
1.3977576
1.4033527
1.4189186
1.4381188
1.4574614
1.400789
1.4369935
1.4154979
1.4485711
1.3276389
1.3645332
1.3645332
1.4105046
1.4153273
1.4911721
1.4873037
1.4969947
1.4347448
1.4481915
1.3537874
1.2951218
1.415467
1.4331788
1.3750029
1.4113661
1.5034473
1.4383504
1.3955622
1.4263192
1.4378862
1.3822575
1.5131632
1.4652016
1.4421182
1.4391606
1.5079525
1.5079525
1.4412793
1.4598596
1.438217
1.4752116
1.4875544
1.499676
1.3999673
1.3625673
1.4070352
1.3660581
1.3588798
1.4525342
1.4865401
1.5605829
1.5744249
1.6310699
1.6038206
1.5590199
1.5687736
1.6358815
1.6842469
1.6919355
1.6363076
1.6159303
1.6235876
1.6503496
1.7150464
1.6280848
1.6781832
1.7853837
1.7683225
1.86585
1.8692952
1.9249699
1.997076
1.9688749
1.8422422
1.9807675
1.9273796
1.9785285
1.6939219
1.721941
1.6584799
1.6812993
1.7088552
1.572308
1.8334019
1.8215063
1.7888967
1.5912014
1.5426295
1.5624077
1.626515
1.6279633
1.4544864
1.4525805
1.3615217
1.3509862
1.3509862
1.1880736
1.3056437
1.2234361
1.2705476
1.2110343
1.2194463
1.5256277
1.5023457
1.5068939
1.5097084
1.4100833
1.258693
1.258693
1.3320044
1.2876095
1.3942404
1.3902947
1.5016165
1.5186392
1.3768282
1.2873274
1.3894546
1.3224908
1.1009763
0.9967077
0.92466867
0.8352015
0.43091655
0.22600152
0.08026533
0.043444484
-0.038087443
-0.021712288
0.016315028
0.0038929507
0.042694718
0.12782064
0.081366494
0.09570676
0.09146874
0.07606852
0.067607224
0.049946353
0.03224872
0.0047415346
0.0107617825
-0.011574514
0.012215838
-0.026004687
-0.036039814
-0.057529368
-0.034954518
-0.032813318
-0.043299988
-0.09880111
-0.079140596
-0.10714123
-0.08410672
-0.10878179
-0.09670728
-0.085023195
-0.09738356
-0.11134279
-0.099625066
-0.11824329
-0.11819397
-0.11399565
-0.11399565
-0.04809255
-0.075762294
-0.007886127
0.0070690736
-0.020363972
-0.073450305
-0.122633435
-0.1313951
-0.093471155
-0.14756119
-0.15842023
-0.18140543
-0.18673483
-0.17856404
-0.21577445
-0.20408326
-0.24937478
-0.23278168
-0.22130558
-0.2671317
-0.22132196
-0.21136752
-0.21470559
-0.2292601
-0.24341238
-0.22594014
-0.21173736
-0.23406652
-0.23565997
-0.24406327
-0.24406327
-0.27245587
-0.269374
-0.24087572
-0.26852006
-0.25287986
-0.2280852
-0.27343524
-0.27343524
-0.27523214
-0.309706
-0.26985407
-0.29328912
-0.29640323
-0.2981911
-0.28060657
-0.3135913
-0.348539
-0.33563945
-0.322928
-0.31296846
-0.32483608
-0.26524174
-0.34005147
-0.31293014
-0.29770726
-0.37563223
-0.31284073
-0.35856044
-0.3769796
-0.35428733
-0.4429924
-0.3556779
-0.3719849
-0.40153778
-0.45653677
-0.4745226
-0.49308276
-0.5225598
-0.48399103
-0.5416601
-0.5213984
-0.5186903
-0.509765
-0.50377613
-0.49160022
-0.49201506
-0.49409443
-0.49212068
-0.4407103
-0.4666677
-0.47388858
-0.48036706
-0.5051006
-0.51297855
-0.48926026
-0.5926581
-0.6297464
-0.6949645
-0.6629511
-0.67814946
-0.6769587
-0.6465337
-0.68936867
-0.68034005
-0.7168392
-0.7727284
-0.82479835
-0.7517549
-0.8584693
-0.912192
-0.9695176
-0.9014723
-0.9328623
-0.8892814
-0.88713795
-0.8915729
-0.8782716
-0.9908948
-0.9615108
-0.96998596
-0.93625635
-0.87658024
-0.85821253
-0.8640477
-0.9049827
-0.874223
-0.9350021
-0.76551855
-0.6150689
-0.6092329
-0.8280155
-0.9944992
-0.99264807
-0.9930277
-0.94528437
-0.9912663
-0.9641331
-0.9574348
-0.96291304
-1.1441848
-1.0449237
-1.1111106
-1.1163638
-1.1445433
-1.0969659
-1.1719427
-1.101288
-1.1871517
-1.1009475
-1.0922498
-1.1398175
-1.222516
-1.2068636
-1.0947969
-1.0375067
-1.0304478
-0.9924736
-1.029672
-1.0894676
-1.0355276
-0.98120105
-0.9592557
-0.96459246
-0.95079416
-0.9587969
-0.9552127
-1.0110109
-0.9765402
-1.0134354
-1.00683
-1.0105317
-1.0276644
-1.0374326
-0.9592194
-0.99536955
-1.0097655
-1.0327315
-0.9981493
-1.0597347
-1.018953
-1.0156089
-1.0643747
-1.0058526
-1.0088022
-1.0216748
-0.972403
-0.97877204
-0.9888518
-0.9218664
-0.93778884
-0.9970761
-0.9762238
-1.0008318
-1.0458529
-1.0217984
-1.0817206
-0.99015707
-1.0603695
-0.9755984
-1.00523
-0.9500904
-1.0094683
-1.0266931
-1.0348788
-0.9975835
-1.0340136
-0.97695225
-1.0044075
-1.0384405
-0.99622816
-1.003225
-1.041175
-0.9084417
-1.0045109
-0.8183854
-0.8521226
-0.99594367
-0.93090475
-0.81208426
-0.7913233
-0.9257213
-0.8748227
-0.8626169
-0.97536296
-1.0260688
-1.0296258
-1.0753951
-1.1782129
-1.192313
-1.1398091
-1.1398091
-1.1659588
-1.1482828
-1.1213845
-1.1342596
-1.1210451
-1.1103578
-1.1651306
-1.1680058
-1.1371547
-1.126553
-1.091132
-1.1020943
-1.1027629
-1.086176
-1.012133
-1.0344301
-1.0569768
-1.0729383
-1.0923319
-1.0989982
-1.0966096
-1.0960721
-1.1065673
-1.0947803
-1.1563874
-1.1090294
-1.1351686
-1.1141865
-1.1232885
-1.1053393
-1.0859073
-1.0859073
-0.9620843
-1.0113059
-0.94384557
-0.9891307
-0.9275594
-1.066745
-1.0638474
-1.0749242
-1.1058578
-1.04226
-1.0362439
-1.0706083
-1.1156304
-1.0982324
-1.1521211
-1.111104
-1.1274974
-1.139624
-1.0740858
-1.1099181
-1.1376204
-1.1012439
-1.0684612
-1.0632921
-1.0181725
-0.9931054
-0.9303671
-1.010948
-0.9906998
-1.0605686
-1.0569603
-1.0910189
-0.9086871
-0.9797169
-0.6641246
-0.5574344
-0.7090162
-1.0037696
-0.8331616
-1.0434353
-0.9431726
-0.9360267
-0.87375623
-0.425677
-0.46228492
-0.23093233
-0.26512218
-0.3344347
-0.33426046
-0.25465137
-0.27017823
-0.17829299
-0.23642293
-0.18829715
-0.24163729
-0.23730242
-0.16842674
-0.0945588
-0.08434293
-0.08402697
-0.10555827
-0.055807907
-0.0903313
-0.0672866
-0.13913772
-0.12830761
-0.0529952
-0.044671826
0.004749939
0.060643256
0.12983434
0.16398819
0.2415724
-0.011663973
0.20007776
0.25690597
0.5417023
0.8248227
0.7566744
0.62641937
0.87919104
0.9568008
0.9070529
0.5234471
0.5234471
0.56921375
0.98869765
0.93978477
0.8209194
0.56047773
0.6470008
0.9289315
1.1572087
1.1984748
1.2368637
1.2291968
1.3901639
1.3785253
1.2729621
1.4096742
1.2696115
0.9277233
0.7638363
1.011501
0.6284952
0.96087873
0.9862757
0.9739708
1.1305145
0.98450315
1.0939432
0.7703614
0.6544106
0.87485117
0.5674861
0.8191332
0.667955
0.93385005
0.59580106
0.610374
0.7701565
0.9295819
0.69974786
0.7009341
0.71157205
0.75393647
0.7337948
0.7864134
0.6691382
0.6398357
0.7489219
0.74818695
0.74818695
0.8583188
0.85731447
0.7859015
0.82033145
0.7471014
0.7006671
0.6818377
0.67183703
0.6330732
0.5504482
0.597252
0.63215756
0.47331864
0.62602174
0.6320869
0.76187634
0.8166809
0.69432
0.6995585
0.7684938
0.7364446
0.7746978
0.6290128
0.72966737
0.8092771
0.6832309
0.70650464
0.70387083
0.661898
0.69316196
0.6161741
0.60167986
0.49559754
0.4459691
0.38856018
0.47188145
0.3876983
0.67224574
0.5209806
0.42313886
0.31430417
0.5227258
0.63205636
0.56572384
0.8768557
0.92455554
0.75584936
0.6383288
0.6383288
0.28226185
0.23170443
0.30194765
0.1579185
0.011719018
0.15807946
0.13099629
0.16564204
0.22774895
0.022396639
0.07723014
0.018644199
-0.18226135
-0.29268906
-0.26799917
-0.297413
-0.31637722
-0.33805758
-0.30960792
-0.32335567
-0.31346744
-0.33200783
-0.39318222
-0.284936
-0.37070602
-0.33813053
-0.3819191
-0.37189382
-0.3864339
-0.38280976
-0.29611117
-0.34518597
-0.29990634
-0.43794078
-0.32883534
-0.32043773
-0.34458756
-0.4627462
-0.6021824
-0.49092335
-0.53987205
-0.4888296
-0.46696305
-0.57785314
-0.5332533
-0.5388258
-0.5448193
-0.43747896
-0.34847575
-0.3374309
-0.33370894
-0.45041525
-0.43332225
-0.48238266
-0.37559587
-0.49362004
-0.47060907
-0.6440803
-0.6811801
-0.77343863
-0.72584856
-0.7679963
-0.85022575
-0.74464506
-0.6046201
-0.5839227
-0.69256175
-0.7667564
-0.70626307
-0.6264117
-0.5609537
-0.69380164
-0.65911627
-0.65186155
-0.6946635
-0.7513389
-0.60423344
-0.71819305
-0.60914195
-0.76792306
-0.79258823
-0.56365305
-0.6775926
-0.6487493
-0.79209113
-0.78592044
-0.7859204
-0.8741583
-0.87868035
-0.7521434
-0.8116093
-0.7459161
-0.7333232
-0.6963732
-0.7319187
-0.6681002
-0.77404356
-0.758965
-0.5072395
-0.6842982
-0.6965312
-0.72354466
-0.8203199
-0.8544161
-0.86897135
-0.90027726
-0.9138639
-0.8205629
-0.8393765
-0.8827262
-0.89790094
-0.8600483
-0.74427783
-0.77887565
-0.5474285
-0.5662183
-0.60579664
-0.5808559
-0.47815883
-0.63973194
-0.5168489
-0.5259287
-0.51732635
-0.5788944
-0.55275804
-0.66723984
-0.58452266
-0.50330675
-0.53331727
-0.609769
-0.513338
-0.6774485
-0.6194112
-0.6517201
-0.6547698
-0.6104856
-0.5779059
-0.55454403
-0.5715794
-0.47544336
-0.5266836
-0.7787312
-0.7282485
-0.6708343
-0.7536036
-0.62688595
-0.505665
-0.58237594
-0.7343296
-0.7343296
-0.38423997
-0.48720837
-0.5356213
-0.43979508
-0.30896112
-0.419626
-0.5243369
-0.6498299
-0.29743028
-0.51473045
-0.6114757
-0.50909394
-0.45289856
-0.6381966
-0.6381966
-0.5611123
-0.81846684
-0.67701054
-0.7488733
-0.6518737
-0.68296945
-0.71908456
-0.85715526
-0.61435145
-0.5507969
-0.7490402
-0.58121705
-0.85721564
-0.59754425
-0.7145295
-0.56710815
-0.6222361
-0.5600332
-0.52674913
-0.51983684
-0.5342456
-0.5289586
-0.43621707
-0.61595976
-0.62333655
-0.5007982
-0.60347855
-0.79731804
-0.5022661
-0.48325884
-0.65293145
-0.44792962
-0.6554058
-0.5185191
-0.55550605
-0.53570837
-0.42391485
-0.44566524
-0.49573284
-0.4708997
-0.529649
-0.6820979
-0.70780253
-0.69741786
-0.6641028
-0.83159804
-0.61951303
-0.5188832
-0.5188832
-0.51963395
-0.50816625
-0.46508318
-0.5118857
-0.48722893
-0.63028705
-0.6757665
-0.85180104
-0.66013384
-0.75600576
-0.4539342
-0.5790477
-0.6503751
-0.5589924
-0.67164046
-0.67164046
-0.54925215
-0.6050876
-0.6338216
-0.6330685
-0.6606518
-0.7398545
-0.9333705
-0.72183883
-0.6581422
-0.8545973
-0.7391689
-0.8441419
-0.66564536
-0.85595876
-0.71901083
-0.8637166
-0.88462543
-0.7118801
-0.92466474
-0.91668814
-0.7869814
-0.7886122
-0.6432679
-0.8327061
-0.79549253
-0.66083777
-0.7921458
-0.64801455
-0.6152992
-0.6884198
-0.5143448
-0.66862416
-0.72678685
-0.6868409
-0.6569315
-0.59832275
-0.6452298
-0.5567221
-0.6316222
-0.57259274
-0.6099461
-0.5102208
-0.618382
-0.63829124
-0.64380294
-0.6241034
-0.6241034
-0.64734733
-0.6401857
-0.7004035
-0.62038606
-0.65262055
-0.6477468
-0.7150276
-0.610881
-0.675841
-0.6296778
-0.7043388
-0.6705726
-0.72989297
-0.66928864
-0.5843279
-0.63623786
-0.64404434
-0.63691926
-0.52192
-0.6487537
-0.64495796
-0.5970898
-0.5713026
-0.6517779
-0.66014636
-0.6629422
-0.62897265
-0.70084745
-0.73176175
-0.73176175
-0.7057955
-0.7824584
-0.7715019
-0.8326763
-0.82818395
-0.794833
-0.84190345
-0.7330853
-0.5914858
-0.5976122
-0.6642616
-0.50652725
-0.5490648
-0.64457107
-0.6927877
-0.56073976
-0.61453617
-0.61519235
-0.69093233
-0.71498406
-0.6057989
-0.20070083
-0.47172606
-0.35289913
-0.3574058
-0.25437698
-0.09006487
-0.14764018
-0.06919615
0.0046900064
0.061793163
-0.051920034
-0.010900296
-0.06725618
-0.007765442
-0.013808683
-0.03701324
0.019765109
-0.025438517
0.034899518
-0.031059787
-0.0536847
0.01666604
-0.08140656
-0.08140656
-0.11325747
-0.11325747
-0.052459963
-0.07911428
-0.26858634
-0.0054218024
-0.21101153
-0.18702236
-0.17400153
-0.115156576
-0.10871787
-0.06072409
-0.06072409
-0.23622972
-0.15029693
-0.21870902
0.13231535
-0.11938147
-0.1280086
-0.099033214
-0.08977967
-0.14166328
-0.17031932
-0.23780245
-0.22976004
-0.26977634
-0.27514875
-0.2298893
-0.19867794
-0.22824149
-0.24208717
-0.24266037
-0.1128611
-0.21905434
-0.116223365
-0.14906031
-0.09436011
-0.15328458
-0.25433332
-0.16039006
-0.0970415
-0.09799419
-0.13045871
-0.13108823
-0.063474335
-0.09522346
-0.11089777
-0.11089777
-0.061461575
-0.0076556727
-0.025202878
-0.019787818
-0.06786512
-0.032482557
-0.0017402619
-0.014007062
-0.040066764
0.012484312
0.00014870614
0.00096008927
0.0035331175
-0.0057584643
0.06540993
0.011961415
0.009935543
0.06539431
0.060384497
0.031358197
0.045722872
0.06703235
0.051050052
0.026841953
0.03011404
0.061036766
-0.040948242
0.029461518
0.04214029
0.059934482
0.09011996
0.09011996
0.08021118
0.017101303
0.0026710555
0.122603774
0.0079033375
0.018209428
-0.15761143
-0.18665361
-0.15284605
-0.11659243
-0.07369291
-0.14509103
-0.16645475
-0.24789609
-0.2803921
-0.24677244
-0.24109188
-0.22443886
-0.16328724
-0.175372
-0.17663158
-0.13324805
-0.030413345
-0.008377761
-0.13804409
-0.11802485
-0.12438744
-0.14267921
-0.14074382
-0.17973512
-0.17973512
-0.13940564
-0.18090019
-0.116846934
-0.044973873
-0.1130431
0.06428383
0.18061514
0.23384713
0.15154548
0.26559085
0.43832552
0.5918728
0.52131
0.27904087
0.27904087
0.4804697
0.5395282
0.5575351
0.5563071
0.45312667
0.5528373
0.5994764
0.6788808
0.5446577
0.54966843
0.44365406
0.5553943
0.19200967
0.28225005
0.20859258
0.38325107
0.3691877
0.40985197
0.39845532
0.23850708
0.049462244
0.037228703
0.033171073
0.120538995
0.17023672
0.117400184
0.17728324
0.13435936
0.23243897
0.16250528
0.14055546
0.19534339
0.047674865
0.4267127
0.46462572
0.0054456145
0.1039349
0.098712504
0.29443014
0.47128022
0.47128022
0.5722648
0.5899894
0.57215965
0.62871003
0.44281262
0.47339535
0.37632954
0.72176087
0.42704916
0.38407815
0.47872955
0.07869698
0.077319875
-0.003909111
-0.13715796
-0.08349632
-0.12829159
-0.08238375
-0.15334445
-0.1453622
-0.13078454
-0.11950437
-0.12264931
-0.09774189
-0.12275159
-0.13148543
-0.10311563
-0.12600933
-0.0997597
-0.10279909
-0.100119434
-0.08561577
-0.09773085
-0.08737236
-0.08821568
-0.07641217
-0.06948164
-0.055912368
-0.041162014
-0.05504999
-0.018999234
0.007139452
-0.013818935
-0.024298303
0.04318078
0.121735975
0.09770632
0.14578016
0.21535395
0.08041848
0.09571992
0.20870222
0.19140239
0.25290376
0.06384872
0.0010505915
0.030754343
-0.01853779
0.0023613498
0.017844155
0.078078404
0.028796732
0.23754905
0.26724458
0.10349062
0.038502127
0.11185393
0.04487957
-0.12534718
-0.13495722
-0.088587746
-0.09832126
-0.09733548
0.003114462
0.027351633
0.02256219
0.067022055
0.11495753
0.08575359
0.046999454
0.0060782433
0.063106015
0.0041257143
0.043624714
0.06201677
0.09621407
0.18762793
-0.0281519
-0.008493409
-0.049391113
-0.067258365
0.023325667
0.034214735
0.056839287
0.023765564
-0.04760702
0.16372265
0.09990926
0.010879412
-0.053659078
-0.07007757
-0.09845758
-0.13239807
-0.085365996
-0.101605326
-0.11826509
-0.07232943
-0.056290887
-0.060631666
0.00719022
-0.0022361875
-0.07050966
0.013766542
-0.049011327
-0.034846254
-0.10978121
-0.10308765
-0.096088685
-0.09809465
-0.107216515
-0.10831178
-0.109826244
-0.11457889
-0.092186674
-0.108379796
-0.08518087
-0.08928792
-0.08928792
-0.11001273
-0.12218126
-0.08129583
-0.12259059
-0.13532954
-0.121034674
-0.13115813
-0.12543622
-0.119010635
-0.12792493
-0.13306798
-0.12451693
-0.12598033
-0.13583873
-0.12775941
-0.13096306
-0.12506558
-0.1264209
-0.12647995
-0.12299523
-0.12295954
-0.109328665
-0.119654246
-0.11496086
-0.11908921
-0.11797379
-0.11046304
-0.12331276
-0.09036337
-0.1209334
-0.10358755
-0.113140024
-0.12599985
-0.123301
-0.10039322
-0.10882014
-0.09259108
-0.10763597
-0.10177121
-0.09423299
-0.09423299
-0.046868503
-0.095380455
-0.076399446
-0.030778758
0.00072910637
-0.036879174
0.04544355
0.065029636
0.037403747
0.10658039
0.1209511
0.13276036
0.099049866
0.177889
0.23133717
0.22220533
0.17689781
0.31390852
0.36693424
0.20697667
0.28251332
0.18849014
0.4422747
0.5115145
0.50567603
0.3006885
0.5599664
0.59082365
0.4424019
0.6275553
0.49143416
0.45791167
0.5449501
0.46738076
0.39441144
0.43722725
0.35057068
0.22073264
0.22073264
0.20658012
0.31323647
0.21783997
0.3176325
0.29348457
0.31183255
0.31092483
0.3375904
0.2698077
0.26187152
0.33103633
0.27170599
0.33972722
0.31675702
0.4259628
0.39568913
0.32333326
0.40337873
0.532797
0.4390822
0.5381026
0.6043303
0.6560623
0.5795283
0.63394177
0.61045706
0.54497695
0.48911762
0.50050205
0.5858376
0.7160349
0.63762563
0.53309095
0.6550995
0.75633264
0.75633264
0.82002836
0.72374
0.83446324
0.74113
0.6619572
0.88144755
0.73200786
0.6316959
0.6316959
0.6656914
0.6918518
0.81186974
0.7513735
0.7704868
0.56207234
0.64939
0.49681866
0.52807295
0.4001398
0.4001398
0.3509227
0.5522052
0.7241878
0.71878254
0.698382
0.77101356
0.9837358
0.8001044
0.6985384
0.9235885
0.72613764
0.640758
0.7114147
0.57795155
0.7667473
0.6505034
0.77687824
0.62244153
0.6638038
0.59608954
0.7297683
0.51983404
0.58359146
0.47786617
0.49808455
0.5347649
0.4639526
0.6067266
0.6132715
0.5259459
0.51907605
0.6137509
0.7495185
0.6861918
0.74258447
0.7293385
0.7293385
1.1116896
0.88562655
0.9184694
0.92143667
0.96469045
0.9289627
1.0207586
0.9856143
0.97221136
1.0431529
1.0519308
1.1041683
0.89201474
0.9132643
0.9095429
0.8399898
0.94248796
0.94248796
0.87457776
0.7818371
0.5180063
0.7015877
0.47240937
0.46714234
0.4437679
0.48818803
0.38935453
0.37035525
0.53191316
0.26396763
0.60080135
0.3150156
0.4080673
0.35428727
0.1764036
0.43726224
0.3827551
0.57435834
0.3733374
0.3923713
0.59479356
0.4802178
0.51236653
0.5639906
0.5303087
0.39767778
0.4600914
0.4792353
0.45607632
0.36405587
0.5066643
0.45944846
0.4282986
0.74913317
0.6847066
0.4376223
0.4942538
0.283543
0.38641793
0.23988165
0.36080265
0.47601414
0.45872605
0.6153672
0.59318995
0.6364224
0.46565825
0.57990587
0.3427353
0.48099673
0.39765918
0.39212185
0.21603127
0.16072689
0.04684846
-0.1713373
0.022434622
0.011904389
-0.12636669
-0.20616308
-0.16390264
-0.09292871
-0.1388023
-0.14888388
-0.15692502
-0.15801498
-0.2145932
-0.18245335
-0.31248063
-0.3112606
-0.28212562
-0.27387482
-0.31023467
-0.31023467
-0.39253724
-0.38005447
-0.35070884
-0.4549935
-0.48149574
-0.49283534
-0.5298384
-0.5390896
-0.5200155
-0.6204562
-0.5430817
-0.51227397
-0.40985233
-0.40985233
-0.41776043
-0.37246495
-0.408194
-0.3997506
-0.4989512
-0.42736995
-0.4761442
-0.47869396
-0.3677606
-0.4411806
-0.5500779
-0.523864
-0.5789298
-0.5789298
-0.489106
-0.50800264
-0.47422522
-0.45660484
-0.47788298
-0.5027247
-0.5442779
-0.5053395
-0.50794554
-0.612245
-0.60688746
-0.61466444
-0.5652582
-0.644982
-0.5643115
-0.6986601
-0.67771053
-0.6601885
-0.72266686
-0.73552054
-0.70998317
-0.72177327
-0.730701
-0.68335485
-0.66534114
-0.6567216
-0.65938556
-0.6685547
-0.672353
-0.73946667
-0.8286396
-0.7439703
-0.74818504
-0.76830626
-0.7453264
-0.8785782
-0.86772686
-0.8678754
-0.9042621
-0.86860734
-0.9122115
-0.91116756
-0.8930766
-0.93572605
-0.97461075
-1.0210499
-1.0175248
-1.0861199
-1.0633669
-1.1318393
-1.1585888
-1.2584581
-1.2323654
-1.2244301
-1.2853131
-1.2839023
-1.3083388
-1.3060505
-1.3476574
-1.4073411
-1.4182173
-1.4672318
-1.4980109
-1.5477896
-1.5477896
-1.6407905
-1.5567706
-1.531327
-1.5982482
-1.5275071
-1.5352373
-1.61636
-1.5417467
-1.5343059
-1.5263691
-1.529412
-1.5650626
-1.523768
-1.4817889
-1.5634913
-1.4790087
-1.5415087
-1.5290381
-1.5583147
-1.5555031
-1.6224729
-1.5421736
-1.5914111
-1.5892323
-1.6137679
-1.5659969
-1.5641744
-1.5925076
-1.5133978
-1.493753
-1.5523617
-1.5264142
-1.5219889
-1.4918168
-1.5315788
-1.5251524
-1.5554318
-1.5554317
-1.5326598
-1.5106136
-1.45473
-1.5333443
-1.5623772
-1.579462
-1.5658169
-1.5759244
-1.5449542
-1.5759758
-1.5969195
-1.5460033
-1.53953
-1.5530355
-1.5133395
-1.5373561
-1.5112543
-1.4964788
-1.5421336
-1.655074
-1.6515353
-1.6658931
-1.6973367
-1.7069945
-1.6859951
-1.6574473
-1.8251016
-1.7011039
-1.7011039
-1.697517
-1.697517
-1.8038201
-1.8173344
-1.8062878
-1.8627607
-1.9009717
-1.8071473
-1.9481577
-1.9215242
-1.8225752
-1.8685181
-1.8159428
-1.8447506
-1.7041062
-1.8960193
-1.8359947
-2.0175817
-2.1154141
-2.1388474
-2.1018267
-2.052947
-2.1171975
-2.197235
-1.9830241
-1.9753892
-2.0262465
-1.8108608
-1.8459305
-1.768842
-1.8023967
-1.8006158
-1.8114433
-1.7602322
-1.8137021
-1.7012348
-1.6986375
-1.7007189
-1.6851342
-1.6163622
-1.720241
-1.6333077
-1.6415292
-1.6057057
-1.5655084
-1.6472396
-1.6267636
-1.6343738
-1.6095402
-1.6257322
-1.5327508
-1.579519
-1.579519
-1.6038373
-1.8034204
-1.8111994
-1.7588625
-1.6973393
-1.6584953
-1.7304069
-1.7076737
-1.8208374
-1.7229034
-1.8034518
-1.8577679
-1.9318602
-1.9453425
-1.8987697
-1.9454961
-2.0296822
-1.9295199
-1.9061182
-1.8591882
-1.8665321
-1.8490726
-1.8137541
-1.8211312
-1.703997
-1.8862015
-1.824353
-1.8729987
-1.8509594
-1.8665515
-1.8945689
-1.7983088
-1.8495133
-1.8954394
-1.9101346
-1.888705
-1.8965228
-1.9021504
-1.9021504
-1.9307463
-1.889507
-1.9129834
-1.8473289
-1.8706832
-1.8657373
-1.887414
-1.8550174
-1.8719094
-1.8670082
-1.9037317
-1.8976774
-2.0445516
-2.097175
-1.988879
-1.9949186
-2.0344143
-1.698456
-1.9911191
-1.928687
-1.8754556
-1.6949906
-1.699819
-1.6885834
-1.7529976
-1.6569244
-1.4250232
-1.6546745
-1.79661
-1.830864
-1.7744703
-1.75042
-1.6846049
-1.6546712
-1.761998
-1.5834286
-1.4731991
-1.6667703
-1.6452229
-1.8919531
-1.677619
-1.7351398
-1.7021922
-1.467535
-1.4763885
-1.3974872
-1.3824385
-1.4449751
-1.3048075
-1.2601771
-1.4002129
-1.4353807
-1.6377118
-1.642097
-1.5752819
-1.4572318
-1.5425088
-1.4007022
-1.233706
-1.2682856
-1.2104449
-1.3217947
-1.0738539
-1.1434274
-1.1219064
-1.0977024
-1.039403
-1.0229138
-1.1184831
-1.0500612
-1.1646655
-1.010867
-1.0175703
-1.0181051
-0.9969301
-1.2731168
-1.2211672
-1.1022363
-1.3722583
-1.27612
-1.2613089
-1.2150415
-1.2470534
-1.1530586
-1.1450288
-1.1520014
-1.103068
-1.2394632
-1.0448574
-1.1055002
-1.07952
-1.2046373
-1.2681515
-1.2571769
-1.2976787
-1.2876704
-1.2648622
-1.2548232
-1.289954
-1.1394079
-1.1098968
-1.0793222
-0.93836194
-0.92808604
-1.0794559
-1.0722739
-0.99242944
-1.0397366
-1.0288095
-0.8575605
-0.89734524
-0.7982247
-0.9705699
-0.95786154
-0.7979915
-0.8783321
-0.86315155
-0.9537629
-0.86954397
-0.7973277
-0.8505188
-0.83191395
-0.7624404
-0.8619032
-0.84749407
-0.8680783
-0.89836234
-0.8852185
-0.6949099
-0.89331484
-0.9204508
-0.98392797
-0.9358355
-1.0248877
-1.0414624
-1.1493576
-1.0656934
-1.1250315
-0.96891296
-0.9522712
-1.0020971
-1.0214181
-1.0622816
-0.97252
-1.0498298
-1.0923815
-1.0972834
-1.0846618
-1.1348695
-1.1215677
-1.1073204
-0.8539381
-0.96312606
-0.892203
-1.0557535
-0.93412566
-0.9382019
-1.0164841
-1.0767894
-0.90375245
-0.8248086
-0.8051546
-0.77048063
-0.7102279
-0.7937391
-0.74189776
-0.65524817
-0.7277345
-0.7133746
-0.75706816
-0.73946714
-0.5378322
-0.68325436
-0.5651741
-0.67286366
-0.6014339
-0.53068125
-0.63634014
-0.5770156
-0.5236529
-0.5019464
-0.55894816
-0.6002966
-0.6183509
-0.5958039
-0.6307049
-0.58166397
-0.63597083
-0.7183764
-0.7183764
-0.6712046
-0.6712046
-0.5532648
-0.5532648
-0.58262604
-0.5919076
-0.5450553
-0.54226506
-0.5965724
-0.5963585
-0.5173839
-0.5440658
-0.5046301
-0.54442877
-0.50496966
-0.5227645
-0.5284864
-0.52148724
-0.49386078
-0.5562319
-0.5979336
-0.5269619
-0.4675457
-0.48889738
-0.57285196
-0.4918381
-0.54034364
-0.47374785
-0.49112117
-0.47282195
-0.46118182
-0.61634177
-0.60734206
-0.77148
-0.77148
-0.31405318
-0.33031917
-0.27954066
-0.49004126
-0.33681074
-0.45835757
-0.63361466
-0.36539418
-0.38000238
-0.64345694
-0.42742229
-0.34717268
-0.53357023
-0.731249
-0.7587894
-0.72755367
-0.91886806
-0.8495748
-0.7531375
-0.69837356
-0.76767284
-0.735759
-0.760764
-0.8222271
-0.65233934
-0.55330575
-0.58361
-0.78322506
-0.60307693
-0.7599823
-0.7428502
-0.46262085
-0.46369725
-0.6035391
-0.27734858
-0.37595648
-0.32788843
-0.15637857
-0.07288962
-0.05575822
-0.100742206
-0.32126713
-0.061933793
-0.04246182
-0.076692075
-0.05618581
0.15944831
0.562905
0.05322866
0.11575054
0.2118233
0.15091883
0.31326544
0.45254004
0.36909938
0.82870245
0.20035265
0.58412623
0.13434537
0.35978377
0.332515
0.3413787
0.5546505
0.92697287
0.92697287
0.9603944
1.0441737
1.0474406
1.058425
0.8349238
0.96515906
0.9211154
0.86163807
1.0463822
0.9388517
1.0668298
0.9172276
0.8725196
0.97434783
0.947695
0.947695
0.9450332
0.85975945
0.8262137
0.98733974
0.84651506
0.8309359
0.8296559
0.81720805
0.7350376
0.70629084
0.67122686
0.7070167
0.87507755
0.8004381
1.0501841
0.8142214
0.91437364
0.9448786
0.9385799
1.012183
1.0920634
0.97390866
0.9709618
0.95295596
0.8615756
0.9408636
0.8781642
0.98927534
0.98873484
0.97124255
0.9087049
0.73627645
0.8683113
0.7957954
0.864771
0.9358051
0.7835195
0.8459899
0.91123736
0.9725654
0.944602
0.944602
0.97324276
0.9867437
0.9555056
0.99180627
0.9951073
0.9150368
0.8796226
0.9386488
0.8398365
0.98625183
1.0106488
0.99949
0.98834455
0.9046066
0.8978915
1.0128179
0.9053445
1.0044963
1.1086085
1.1232053
1.0942144
1.0535631
0.95515037
1.0310671
1.0853572
0.9909735
1.0156753
1.1026685
0.9816389
0.9422244
0.9822277
1.0512295
1.1002119
1.1154059
1.045777
1.1660078
1.1660078
1.145636
1.146233
1.1264489
1.1033638
1.0783384
1.1562219
1.0377833
1.204953
1.1932099
1.0366724
1.0800576
1.0771899
1.1235657
1.0601277
1.0157927
1.0732558
1.0581658
1.0414561
1.1327885
1.0384141
1.1655617
1.1281215
1.0580318
1.1448863
1.0660858
1.0298203
1.0768203
1.2085836
1.1772506
0.88954854
1.0910137
0.8824041
0.92292726
0.92617965
1.0145913
1.0733864
0.9900489
1.0709286
1.1144509
0.9608083
1.0246964
1.0246964
0.9639456
0.9639456
1.0268686
1.0074337
0.9600475
1.0452031
0.9872576
1.0495973
1.0868118
1.113498
1.1116054
1.0220462
1.0243435
1.1839087
1.0909271
1.1171331
1.1319461
1.0482305
1.145246
1.0452298
1.0206225
1.1163884
1.0571351
1.0904412
1.0523831
1.0950463
1.1452806
1.1666316
1.1667256
1.1721851
1.0950439
1.1440859
1.2067194
1.1066413
1.2022767
1.0907955
1.1248698
1.1581132
1.1309459
1.1316842
1.1036727
1.1242812
1.1988889
1.1047904
1.1526175
1.0774926
1.0288262
1.0826775
1.2102149
1.1477807
1.1040958
1.1470938
1.163018
1.1900566
1.1107267
1.1913685
1.1758283
1.1889117
1.2219386
1.1814368
1.2041487
1.2140319
1.2205365
1.1488863
1.0960691
1.2791134
1.2336829
1.2882844
1.2273738
1.2072608
1.1876436
1.0983446
1.1534586
1.1561549
1.152548
1.2254579
1.1274985
1.1907685
1.214291
1.2343565
1.2847168
1.2084701
1.190356
1.2848302
1.1483467
1.217053
1.1820097
1.2095088
1.1664133
1.251752
1.092148
1.1815405
1.1637568
1.1479541
1.1540353
1.16906
1.1439307
1.1897316
1.2114098
1.217741
1.2006658
1.22455
1.1209521
1.2291951
1.164114
1.1915252
1.2086756
1.1890748
1.1482306
1.2017734
1.2126256
1.1998086
1.2484322
1.2432138
1.175242
1.1279168
1.2457625
1.2735162
1.2591312
1.3073342
1.2322768
1.2397494
1.21475
1.1421576
1.2079206
1.0845702
1.1921508
1.1840109
1.1195011
1.1644
1.1561646
1.160671
1.1569159
1.1473441
1.1804626
1.2187177
1.1821569
1.1239057
1.1966417
1.1812446
1.2057958
1.215029
1.1767726
1.1143367
1.2233921
1.1888596
1.2208191
1.1326909
1.2285535
1.1780121
1.1770899
1.1939349
